168 168 168 168 168 168 168 
168 168 168 168 168 168 265 
265 168 168 168 168 168 168 
174 174 174 174 174 174 174 
168 265 168 168 168 168 168 
168 168 168 265 168 168 168 
3 168 168 168 168 168 168 
168 3 168 168 168 168 168 
168 168 168 168 168 3 168 
168 168 168 168 168 168 3 
168 265 168 168 265 168 168 
168 168 265 168 168 168 265 
168 168 168 168 3 168 168 
168 168 168 3 168 168 168 
168 168 3 168 168 168 168 
6 33 5 3 197 192 192 
192 6 33 5 3 197 192 
192 192 6 33 5 3 197 
265 168 168 168 265 168 265 
3 168 168 265 168 168 168 
265 168 265 168 168 265 168 
168 265 265 168 265 168 168 
265 265 168 265 168 168 168 
265 168 265 265 168 168 168 
265 168 168 265 168 168 265 
168 265 265 168 168 265 168 
168 168 3 168 3 168 168 
33 5 3 197 192 192 6 
265 168 265 168 168 168 265 
168 168 265 168 265 265 168 
265 265 168 168 265 168 168 
168 265 265 168 168 168 265 
168 265 168 265 265 168 168 
168 265 168 168 265 168 265 
265 265 168 168 168 265 168 
168 168 265 168 3 168 168 
168 168 168 265 265 168 265 
3 168 3 168 168 168 168 
265 168 168 168 265 265 168 
168 3 168 168 168 168 3 
168 265 168 265 168 265 168 
3 168 265 168 168 168 168 
5 3 197 192 192 6 33 
5 3 197 192 192 192 6 
33 5 3 197 192 192 192 
3 197 192 192 6 33 5 
3 197 192 192 192 6 33 
3 168 168 168 3 168 168 
197 192 192 6 33 5 3 
197 192 192 192 6 33 5 
192 192 192 6 33 5 3 
168 265 168 168 168 265 265 
168 168 168 3 168 168 3 
125 125 125 125 125 125 125 
3 3 168 168 168 168 168 
3 168 168 3 168 168 168 
3 168 168 168 168 168 265 
265 168 168 265 168 265 265 
168 3 168 168 168 3 168 
168 265 3 168 265 168 168 
168 168 265 3 168 265 168 
168 168 168 3 3 168 168 
168 168 168 3 168 3 168 
168 168 168 168 3 3 168 
168 168 168 168 3 168 3 
3 168 168 168 168 168 3 
168 3 168 3 168 168 168 
168 265 265 265 168 168 168 
168 168 168 168 168 3 3 
168 3 3 168 168 168 168 
168 265 265 265 168 265 168 
168 168 265 3 265 168 168 
168 168 265 265 265 168 265 
168 168 265 168 3 168 265 
168 168 168 265 168 265 265 
3 168 168 3 168 3 168 
168 3 168 168 3 168 3 
168 168 3 168 168 3 168 
168 168 168 168 168 102 168 
265 265 265 168 265 168 168 
265 265 168 265 168 265 168 
265 265 168 265 168 168 265 
168 265 168 265 265 168 265 
168 265 168 168 265 168 3 
168 168 3 168 168 168 3 
265 265 168 168 168 265 265 
265 168 265 168 265 265 168 
265 168 265 168 265 168 265 
265 168 168 265 3 168 265 
265 168 168 265 168 3 168 
168 265 168 3 168 168 265 
168 265 168 265 265 265 168 
3 168 168 168 168 3 168 
265 265 168 265 265 168 168 
265 168 265 265 265 168 265 
265 168 265 265 265 168 168 
168 3 168 168 3 168 168 
168 3 168 168 265 265 168 
168 265 265 168 265 265 168 
168 265 168 3 265 168 168 
168 168 3 168 3 3 168 
168 168 3 168 3 168 3 
168 168 3 168 168 3 3 
168 168 265 168 265 265 265 
168 168 102 168 168 168 168 
3 3 3 168 168 168 168 
3 168 3 168 168 3 168 
3 168 3 168 168 168 3 
265 265 265 168 265 168 265 
265 265 168 265 168 265 265 
265 168 3 265 168 168 168 
265 168 265 168 265 168 3 
168 3 168 3 168 3 168 
168 3 168 168 3 3 168 
168 265 265 265 168 168 265 
168 265 168 265 168 265 3 
3 265 168 265 168 265 168 
265 265 265 168 168 168 265 
265 168 265 265 265 265 168 
265 168 265 265 168 265 168 
265 168 265 265 168 168 265 
265 168 265 168 265 265 265 
168 3 168 3 3 168 168 
168 3 168 3 168 168 3 
168 265 265 265 168 265 265 
168 168 3 3 3 168 168 
91 258 311 240 240 174 174 
6 3 6 174 174 174 174 
6 192 192 243 125 125 125 
6 174 174 174 174 174 174 
57 175 54 175 6 3 6 
54 175 6 3 6 174 174 
5 3 197 192 192 6 192 
5 197 192 6 33 5 3 
5 197 192 3 3 6 91 
45 5 197 192 3 3 6 
45 45 5 197 192 3 3 
45 33 192 33 5 197 192 
33 5 197 192 6 33 5 
33 192 33 5 197 192 6 
311 240 240 174 174 175 191 
3 6 174 174 174 174 174 
3 3 265 168 168 168 265 
3 265 168 168 3 168 265 
3 197 192 192 6 192 192 
3 168 3 3 168 168 168 
3 168 168 3 3 3 168 
3 168 168 168 3 3 168 
268 45 45 5 197 192 3 
265 265 265 265 168 265 168 
265 265 168 265 265 265 265 
265 265 168 168 3 265 168 
265 168 3 168 168 265 265 
265 168 265 3 168 265 265 
265 168 168 265 3 265 168 
265 168 168 168 265 265 265 
258 311 240 240 174 174 175 
243 125 125 125 125 125 125 
240 240 174 174 175 191 122 
240 174 174 175 191 122 268 
197 192 6 33 5 3 197 
197 192 3 3 6 91 5 
197 192 192 6 192 192 243 
192 6 192 192 243 125 125 
192 33 5 197 192 6 33 
192 243 125 125 125 125 125 
192 192 6 192 192 243 125 
192 192 243 125 125 125 125 
191 122 268 45 45 5 197 
175 6 3 6 174 174 174 
175 54 175 6 3 6 174 
175 191 122 268 45 45 5 
175 174 174 174 57 175 54 
174 57 175 54 175 6 3 
174 175 191 122 268 45 45 
174 174 57 175 54 175 6 
174 174 175 191 122 268 45 
174 174 174 57 175 54 175 
174 174 174 174 174 174 11 
174 174 174 174 174 11 45 
174 174 174 174 11 45 33 
174 174 174 11 45 33 192 
174 174 11 45 33 192 33 
174 11 45 33 192 33 5 
168 3 265 265 3 168 168 
168 3 265 168 168 168 265 
168 265 3 168 265 265 168 
168 265 265 168 265 168 3 
168 265 168 265 3 3 265 
168 265 168 265 168 3 3 
168 168 3 3 168 168 3 
168 168 265 3 265 168 265 
168 168 168 3 3 3 168 
168 168 168 3 168 3 3 
168 168 168 168 3 3 3 
168 168 168 146 168 168 168 
146 168 168 168 168 168 168 
125 91 258 311 240 240 174 
125 125 91 258 311 240 240 
125 125 125 91 258 311 240 
125 125 125 125 91 258 311 
125 125 125 125 125 91 258 
125 125 125 125 125 125 91 
122 268 45 45 5 197 192 
11 45 33 192 33 5 197 
3 6 91 5 197 192 192 
3 3 6 91 5 197 192 
3 3 3 3 3 168 168 
3 265 265 3 265 168 168 
3 265 265 168 265 168 168 
3 168 3 3 168 3 168 
3 168 3 168 3 168 3 
3 168 3 168 168 3 3 
3 168 265 265 168 168 265 
3 168 265 168 168 265 3 
3 168 168 3 3 168 3 
3 168 168 265 168 3 168 
265 3 168 265 265 168 168 
265 265 265 265 265 168 265 
265 265 265 265 168 265 265 
265 265 168 3 265 168 265 
265 265 168 265 265 265 168 
265 168 265 265 265 265 265 
192 3 3 6 91 5 197 
168 3 3 168 3 168 168 
168 3 265 168 168 265 265 
168 3 168 168 3 3 3 
168 3 168 168 168 3 3 
168 265 3 265 168 265 168 
168 265 265 265 265 168 265 
168 265 265 168 265 3 168 
168 265 168 168 265 3 265 
168 168 265 265 168 265 265 
91 5 197 192 192 6 54 
6 91 5 197 192 192 6 
6 54 54 54 54 174 174 
54 54 54 54 174 174 174 
54 54 54 174 174 174 174 
54 54 174 174 174 174 174 
54 174 174 174 174 174 174 
5 197 192 192 6 54 54 
3 3 265 168 265 265 168 
3 3 265 168 265 168 168 
3 3 265 168 168 265 3 
3 3 168 168 3 168 3 
3 3 168 168 265 168 265 
3 265 3 168 265 3 265 
3 265 3 168 265 168 265 
3 265 168 3 265 265 168 
3 265 168 3 168 3 265 
3 265 168 265 265 265 168 
3 265 168 168 265 3 265 
3 265 168 168 265 3 168 
3 168 3 168 3 168 168 
3 168 265 3 265 168 265 
3 168 168 3 3 168 168 
265 3 3 168 168 265 168 
265 3 168 265 3 265 3 
265 265 3 265 168 168 3 
265 265 265 168 265 265 265 
265 265 265 168 265 265 168 
265 265 168 3 265 168 168 
265 168 3 265 168 3 265 
265 168 3 265 168 168 265 
265 168 3 168 265 3 265 
265 168 265 3 265 168 265 
265 168 168 3 3 265 168 
197 192 192 6 54 54 54 
192 6 54 54 54 54 174 
192 192 6 54 54 54 54 
168 3 3 3 168 168 168 
168 3 265 265 265 168 168 
168 3 265 168 3 265 265 
168 3 265 168 265 3 168 
168 3 265 168 168 265 3 
168 265 3 3 265 168 265 
168 265 3 265 3 265 168 
168 265 3 265 3 168 265 
168 265 168 265 168 3 265 
168 168 3 3 3 265 168 
168 168 3 3 265 265 168 
168 168 3 3 168 3 168 
168 168 3 265 265 168 265 
168 168 146 168 168 168 168 
168 146 168 168 168 168 168 
3 3 3 3 3 3 3 
3 3 3 265 168 168 168 
3 3 3 168 3 168 168 
3 3 168 3 3 3 3 
3 3 168 3 168 168 265 
3 265 168 3 168 265 3 
3 265 168 265 3 265 168 
3 265 168 168 265 265 265 
3 168 3 3 3 3 3 
3 168 3 168 3 3 168 
3 168 168 3 3 265 168 
3 168 168 3 168 3 3 
265 3 3 3 3 3 3 
265 3 3 265 3 168 265 
265 3 3 265 265 3 168 
265 3 3 265 168 3 168 
265 3 3 265 168 265 168 
265 3 265 3 265 168 265 
265 3 265 168 265 3 265 
265 3 265 168 265 168 265 
265 265 3 168 168 3 3 
265 265 265 168 3 265 168 
265 265 265 168 265 168 3 
265 265 168 265 3 265 168 
265 265 168 168 265 168 3 
265 168 3 3 265 265 168 
265 168 3 265 265 3 168 
265 168 3 265 265 168 265 
265 168 3 168 3 265 265 
265 168 265 3 265 168 3 
265 168 265 265 168 265 3 
265 168 265 168 265 3 3 
168 3 3 3 3 265 168 
168 3 3 3 265 3 265 
168 3 3 3 168 168 265 
168 3 265 3 3 168 3 
168 3 168 3 3 3 168 
168 3 168 168 3 3 265 
168 265 3 265 168 3 265 
168 265 3 265 168 168 265 
168 265 3 168 3 3 265 
168 265 265 265 265 265 265 
168 265 265 265 168 3 265 
168 265 168 3 3 265 168 
168 168 3 168 3 3 3 
168 168 265 3 3 3 3 
168 168 265 265 3 265 168 
168 168 168 168 168 168 146 
5 5 5 5 5 3 5 
168 168 168 168 168 168 168 
3 3 3 3 3 3 3 
265 168 168 168 168 168 168 
168 168 168 168 168 168 265 
168 265 168 168 168 168 168 
168 168 168 265 168 168 168 
174 174 174 174 174 174 174 
6 33 5 3 197 192 192 
192 6 33 5 3 197 192 
5 3 197 192 192 192 6 
192 192 6 33 5 3 197 
168 3 168 168 168 168 168 
33 5 3 197 192 192 6 
168 168 168 3 168 168 168 
168 168 3 168 168 168 168 
5 197 192 3 3 6 91 
168 168 265 168 168 168 265 
168 168 168 168 3 168 168 
168 168 168 168 168 168 3 
3 168 168 168 168 168 168 
168 168 168 168 168 3 168 
5 197 192 6 33 5 3 
33 5 3 197 192 192 192 
168 265 168 168 265 168 168 
197 192 6 33 5 3 197 
5 3 197 192 192 6 33 
3 197 192 192 6 33 5 
197 192 192 6 33 5 3 
265 168 265 265 168 168 168 
168 168 168 265 168 265 265 
3 197 192 192 192 6 33 
197 192 192 192 6 33 5 
192 192 192 6 33 5 3 
3 168 168 168 168 168 265 
265 168 168 168 265 168 265 
3 168 168 265 168 168 168 
265 168 265 168 168 265 168 
3 168 3 168 168 168 168 
3 168 168 168 168 168 3 
168 168 265 168 265 265 168 
265 265 168 168 168 265 168 
168 265 168 265 168 265 168 
265 168 168 168 265 265 168 
168 265 168 265 265 168 168 
168 168 265 168 3 168 168 
168 168 168 265 265 168 265 
265 265 168 168 265 168 168 
265 168 265 168 168 168 265 
168 3 168 3 168 168 168 
3 168 265 168 168 168 168 
265 265 168 265 168 168 168 
168 265 265 265 168 168 168 
168 265 168 168 265 168 265 
168 265 168 168 168 265 265 
168 168 265 3 265 168 168 
168 168 168 3 168 3 168 
265 265 168 265 168 168 265 
168 265 265 168 265 168 168 
168 168 3 168 168 3 168 
3 3 168 168 168 168 168 
168 265 265 168 168 168 265 
168 168 3 168 3 168 168 
168 168 168 168 168 3 3 
265 265 265 168 265 168 168 
3 168 168 3 168 168 168 
265 168 265 168 265 168 265 
265 168 168 265 168 3 168 
168 3 3 168 168 168 168 
168 265 3 168 265 168 168 
168 265 265 168 168 265 168 
168 265 168 168 265 168 3 
168 168 3 168 168 168 3 
168 168 265 168 265 265 265 
168 168 168 168 3 3 168 
125 125 125 125 125 125 125 
3 168 168 168 168 3 168 
265 265 265 265 168 265 168 
265 265 265 168 168 168 265 
265 265 168 265 265 168 168 
168 3 168 168 3 168 168 
168 3 168 168 168 3 168 
265 168 168 265 168 168 265 
197 192 3 3 6 91 5 
168 3 265 168 168 168 265 
168 265 265 265 265 168 265 
168 265 265 265 168 265 168 
168 168 265 3 168 265 168 
168 168 168 3 168 168 3 
3 168 168 168 3 168 168 
265 168 3 265 168 168 168 
168 3 168 168 168 168 3 
168 265 168 265 265 265 168 
168 168 265 265 265 168 265 
168 168 168 168 3 168 3 
3 265 265 168 265 168 168 
265 265 265 168 265 168 265 
168 3 168 168 3 168 3 
168 265 3 265 168 265 168 
168 168 168 3 3 168 168 
265 168 265 265 265 168 168 
265 168 168 265 3 265 168 
168 265 265 168 265 265 168 
168 265 168 3 265 168 168 
168 265 168 265 265 168 265 
168 265 168 265 168 265 3 
168 168 265 3 265 168 265 
168 168 265 265 3 265 168 
168 168 265 265 168 265 265 
168 168 168 168 3 3 3 
168 168 168 168 168 102 168 
33 5 197 192 6 33 5 
3 265 265 168 265 3 168 
3 168 3 168 3 168 168 
3 168 265 168 168 265 3 
265 265 265 168 265 265 168 
265 265 168 265 168 265 168 
265 168 265 265 265 265 168 
265 168 265 168 265 265 168 
168 3 168 168 3 3 168 
168 3 168 168 168 3 3 
168 265 3 265 168 168 265 
168 265 168 3 168 168 265 
168 168 265 168 3 168 265 
168 168 102 168 168 168 168 
6 3 6 174 174 174 174 
6 174 174 174 174 174 174 
57 175 54 175 6 3 6 
54 175 6 3 6 174 174 
5 3 197 192 192 6 192 
45 33 192 33 5 197 192 
33 192 33 5 197 192 6 
311 240 240 174 174 175 191 
3 6 174 174 174 174 174 
3 3 265 168 168 265 3 
3 265 168 265 3 265 168 
3 197 192 192 6 192 192 
3 168 265 3 265 168 265 
3 168 168 3 168 3 3 
3 168 168 3 168 168 3 
265 265 168 3 265 168 168 
265 265 168 265 3 265 168 
265 168 265 265 265 168 265 
265 168 265 168 265 3 3 
265 168 168 265 3 168 265 
265 168 168 265 168 265 265 
265 168 168 168 265 265 265 
258 311 240 240 174 174 175 
240 240 174 174 175 191 122 
197 192 192 6 192 192 243 
192 33 5 197 192 6 33 
175 6 3 6 174 174 174 
175 54 175 6 3 6 174 
175 174 174 174 57 175 54 
174 57 175 54 175 6 3 
174 174 57 175 54 175 6 
174 174 174 57 175 54 175 
174 174 174 174 174 174 11 
174 174 174 174 174 11 45 
174 174 174 174 11 45 33 
174 174 174 11 45 33 192 
174 174 11 45 33 192 33 
174 11 45 33 192 33 5 
168 3 168 3 168 3 168 
168 3 168 265 3 265 3 
168 3 168 168 265 265 168 
168 265 3 265 3 265 168 
168 265 3 265 3 168 265 
168 265 3 265 168 265 3 
168 265 3 168 265 265 168 
168 265 265 265 168 168 265 
168 265 168 168 265 3 265 
168 168 3 265 265 168 265 
11 45 33 192 33 5 197 
6 192 192 243 125 125 125 
3 3 3 3 3 168 168 
3 3 3 168 168 168 168 
3 3 265 168 168 168 265 
3 3 168 265 168 168 265 
3 265 265 265 168 168 265 
3 265 168 3 265 265 168 
3 265 168 168 3 168 265 
3 265 168 168 265 3 265 
3 168 168 3 3 168 168 
3 168 168 265 168 3 168 
3 168 168 168 3 3 168 
265 3 265 168 265 3 265 
265 3 265 168 265 168 265 
265 265 168 265 265 265 168 
265 265 168 168 265 168 3 
265 168 3 265 168 3 265 
265 168 3 168 265 3 265 
265 168 265 3 265 168 265 
265 168 265 3 168 265 265 
265 168 265 265 168 168 265 
265 168 265 168 265 168 3 
243 125 125 125 125 125 125 
192 6 192 192 243 125 125 
192 243 125 125 125 125 125 
192 192 6 192 192 243 125 
192 192 243 125 125 125 125 
168 3 3 3 168 168 168 
168 3 3 265 168 265 168 
168 3 3 168 3 168 168 
168 3 265 265 168 265 3 
168 3 265 168 168 265 265 
168 265 3 265 168 3 265 
168 265 168 265 168 3 3 
168 168 3 3 168 3 168 
168 168 3 168 3 3 168 
125 125 91 258 311 240 240 
125 125 125 91 258 311 240 
125 125 125 125 91 258 311 
125 125 125 125 125 91 258 
125 125 125 125 125 125 91 
91 258 311 240 240 174 174 
3 3 6 91 5 197 192 
3 3 265 168 265 3 265 
3 3 265 168 265 265 168 
3 265 3 168 265 168 265 
3 265 168 265 168 265 168 
3 265 168 168 265 3 168 
3 168 3 3 168 168 168 
3 168 3 168 168 168 3 
3 168 168 3 168 3 168 
265 265 3 265 168 168 3 
265 265 265 168 265 3 265 
265 265 168 3 265 168 3 
265 265 168 3 265 168 265 
265 265 168 265 168 265 265 
265 265 168 168 168 265 265 
265 168 3 3 265 168 168 
265 168 3 265 265 168 265 
265 168 3 265 168 3 3 
265 168 265 265 265 265 265 
265 168 265 168 3 3 265 
265 168 265 168 3 265 265 
265 168 265 168 265 265 265 
192 3 3 6 91 5 197 
168 3 3 3 265 3 265 
168 3 265 168 3 265 265 
168 3 265 168 265 265 265 
168 3 168 3 3 168 168 
168 265 3 3 265 168 265 
168 265 265 265 168 3 265 
168 265 265 265 168 265 265 
168 265 265 168 265 3 168 
168 265 265 168 265 168 3 
168 168 3 3 3 168 168 
168 168 3 168 3 168 3 
168 168 3 168 168 3 3 
168 168 168 3 3 3 168 
168 168 168 168 168 168 146 
168 168 168 146 168 168 168 
168 146 168 168 168 168 168 
146 168 168 168 168 168 168 
125 91 258 311 240 240 174 
91 5 197 192 192 6 54 
6 91 5 197 192 192 6 
6 54 54 54 54 174 174 
54 54 54 54 174 174 174 
54 54 54 174 174 174 174 
54 54 174 174 174 174 174 
54 174 174 174 174 174 174 
5 5 5 5 5 3 5 
5 197 192 192 6 54 54 
45 5 197 192 3 3 6 
45 45 5 197 192 3 3 
3 6 91 5 197 192 192 
3 3 3 3 3 3 265 
3 3 3 265 168 168 168 
3 3 3 168 3 168 168 
3 3 265 168 3 168 265 
3 3 265 168 265 168 265 
3 3 265 168 265 168 168 
3 3 168 3 3 168 3 
3 3 168 3 168 168 265 
3 3 168 168 3 3 3 
3 3 168 168 265 265 3 
3 3 168 168 265 168 265 
3 265 3 265 168 265 168 
3 265 3 168 265 3 265 
3 265 265 168 3 265 168 
3 265 168 3 3 265 168 
3 265 168 3 265 265 265 
3 265 168 265 265 265 168 
3 265 168 265 265 168 265 
3 265 168 168 265 265 265 
3 168 3 3 168 3 168 
3 168 3 168 168 3 168 
3 168 265 265 168 168 265 
3 168 168 3 3 3 168 
3 168 168 3 3 265 168 
3 168 168 3 3 168 3 
3 168 168 265 265 3 265 
3 168 168 168 3 3 3 
268 45 45 5 197 192 3 
265 3 3 3 3 3 3 
265 3 265 3 265 168 265 
265 3 265 168 3 168 265 
265 265 3 168 168 3 3 
265 265 265 265 265 168 265 
265 265 265 168 265 265 265 
265 265 168 3 265 265 3 
265 265 168 265 3 168 265 
265 265 168 265 265 265 265 
265 168 3 3 265 265 168 
265 168 3 3 265 168 265 
265 168 3 265 265 3 168 
265 168 3 265 265 265 168 
265 168 3 265 168 168 265 
265 168 265 265 168 265 168 
265 168 168 3 3 265 168 
240 174 174 175 191 122 268 
197 192 192 6 54 54 54 
192 6 54 54 54 54 174 
192 192 6 54 54 54 54 
191 122 268 45 45 5 197 
175 191 122 268 45 45 5 
174 175 191 122 268 45 45 
174 174 175 191 122 268 45 
168 3 3 168 3 3 168 
168 3 265 3 3 168 3 
168 3 265 168 265 3 265 
168 3 265 168 265 3 168 
168 3 265 168 168 3 265 
168 3 265 168 168 265 3 
168 3 168 3 168 168 3 
168 265 3 168 3 3 265 
168 265 168 3 3 265 168 
168 265 168 265 168 3 265 
168 168 3 3 3 265 168 
168 168 3 3 265 265 168 
168 168 3 3 168 168 3 
168 168 3 168 3 3 3 
168 168 265 3 3 3 3 
168 168 168 3 168 3 3 
122 268 45 45 5 197 192 
168 265 3 265 168 265 3 
265 3 265 168 265 3 265 
3 265 168 265 3 265 168 
265 168 265 3 265 168 265 
168 265 265 265 265 168 265 
265 265 265 265 168 265 265 
3 3 3 3 3 3 3 
265 168 265 265 265 265 168 
265 265 168 265 265 265 265 
265 265 265 168 265 265 265 
168 265 3 265 168 168 265 
168 168 265 3 265 168 265 
3 265 168 168 265 3 265 
265 168 168 265 3 265 168 
174 174 174 174 174 174 174 
265 265 168 265 3 265 168 
125 125 125 125 125 125 125 
192 6 33 5 3 197 192 
3 168 265 3 265 168 265 
6 33 5 3 197 192 192 
168 265 3 265 168 265 168 
168 168 265 3 265 168 168 
265 265 265 168 168 168 265 
265 265 168 168 168 265 265 
168 265 3 265 3 168 265 
3 265 3 168 265 3 265 
265 168 168 168 265 265 265 
192 192 6 33 5 3 197 
265 3 265 168 265 168 265 
33 5 3 197 192 192 6 
168 168 168 168 168 168 168 
265 265 265 265 265 168 265 
265 168 265 265 265 265 265 
265 265 265 265 168 265 168 
168 168 168 168 168 168 265 
265 265 265 168 265 168 265 
168 265 168 168 265 3 265 
5 197 192 3 3 6 91 
265 168 168 168 168 168 168 
265 265 168 265 168 265 265 
168 168 168 265 168 168 168 
265 265 265 168 265 265 168 
265 168 265 168 265 265 265 
168 265 3 265 3 265 168 
5 3 197 192 192 6 33 
5 3 197 192 192 192 6 
3 197 192 192 6 33 5 
168 265 168 265 168 265 3 
197 192 192 6 33 5 3 
265 168 265 3 265 168 3 
265 168 265 265 265 168 265 
33 5 3 197 192 192 192 
168 265 265 265 265 265 265 
168 168 265 168 265 265 265 
265 265 265 168 265 3 265 
197 192 6 33 5 3 197 
5 197 192 6 33 5 3 
265 265 168 265 265 265 168 
265 168 265 168 265 168 265 
168 265 168 168 168 168 168 
265 3 265 3 265 168 265 
265 3 265 168 3 168 265 
265 265 265 168 265 168 168 
265 265 168 265 168 168 168 
3 197 192 192 192 6 33 
265 168 3 168 265 3 265 
197 192 192 192 6 33 5 
192 192 192 6 33 5 3 
265 168 168 265 168 265 265 
265 168 168 168 265 168 265 
168 168 265 168 168 168 265 
265 265 168 265 168 168 265 
168 168 168 265 265 168 265 
265 265 168 265 265 168 168 
265 265 168 168 168 265 168 
265 168 265 265 168 168 265 
265 168 168 265 168 168 265 
168 265 265 265 168 265 265 
3 265 168 265 265 168 265 
265 168 265 265 168 265 3 
265 168 265 168 168 168 265 
168 265 265 168 168 168 265 
265 168 265 265 265 168 168 
265 168 265 265 168 265 168 
265 168 265 265 168 168 168 
168 265 265 168 265 168 168 
3 265 168 3 168 265 3 
265 3 168 265 3 265 3 
168 265 265 265 168 168 168 
168 168 265 265 168 265 265 
3 265 168 265 168 265 168 
265 265 168 168 265 168 168 
3 3 6 91 5 197 192 
3 265 168 168 265 3 168 
265 265 168 265 168 265 168 
197 192 3 3 6 91 5 
192 3 3 6 91 5 197 
168 265 168 168 265 168 168 
168 168 168 265 168 265 265 
265 168 265 168 265 265 168 
265 168 168 265 3 168 265 
265 168 168 168 265 265 168 
168 265 265 265 168 265 168 
168 265 265 265 168 168 265 
168 265 168 265 265 265 168 
125 91 258 311 240 240 174 
125 125 91 258 311 240 240 
91 258 311 240 240 174 174 
258 311 240 240 174 174 175 
168 265 168 168 265 168 265 
168 265 168 168 168 265 265 
168 168 265 265 265 168 265 
125 125 125 91 258 311 240 
125 125 125 125 91 258 311 
311 240 240 174 174 175 191 
240 240 174 174 175 191 122 
240 174 174 175 191 122 268 
125 125 125 125 125 91 258 
125 125 125 125 125 125 91 
3 168 265 168 168 265 3 
243 125 125 125 125 125 125 
168 265 168 265 265 168 168 
192 243 125 125 125 125 125 
192 192 243 125 125 125 125 
168 3 265 168 265 3 265 
168 265 3 265 168 3 265 
168 265 168 265 265 168 265 
168 265 168 265 168 265 168 
168 168 168 168 168 3 168 
45 33 192 33 5 197 192 
3 168 168 168 168 168 168 
174 174 175 191 122 268 45 
168 168 168 3 168 168 168 
11 45 33 192 33 5 197 
6 192 192 243 125 125 125 
33 5 197 192 6 33 5 
33 192 33 5 197 192 6 
3 265 3 168 265 168 265 
265 168 265 168 168 265 168 
192 33 5 197 192 6 33 
191 122 268 45 45 5 197 
175 191 122 268 45 45 5 
174 175 191 122 268 45 45 
168 265 265 168 168 265 168 
168 168 265 3 168 265 168 
122 268 45 45 5 197 192 
45 5 197 192 3 3 6 
45 45 5 197 192 3 3 
3 3 265 168 168 265 3 
268 45 45 5 197 192 3 
265 168 3 265 168 168 265 
192 6 192 192 243 125 125 
168 3 265 168 168 265 3 
168 168 168 168 168 168 3 
3 168 168 168 168 168 265 
192 192 6 192 192 243 125 
168 3 265 168 168 265 265 
168 168 265 168 3 168 265 
3 3 265 168 265 3 265 
3 265 265 168 265 168 168 
3 265 168 168 3 168 265 
265 265 168 265 3 168 265 
265 168 3 3 265 265 168 
265 168 265 168 265 168 3 
168 3 265 168 168 168 265 
168 265 3 168 265 265 168 
168 265 265 168 265 265 168 
168 265 168 3 168 168 265 
168 168 3 168 168 168 168 
168 168 265 168 265 265 168 
168 168 168 3 168 168 3 
6 3 6 174 174 174 174 
6 174 174 174 174 174 174 
57 175 54 175 6 3 6 
54 175 6 3 6 174 174 
5 3 197 192 192 6 192 
3 6 174 174 174 174 174 
3 3 168 168 168 168 168 
3 265 265 265 265 168 265 
3 265 265 265 168 168 265 
3 265 265 168 265 3 168 
3 265 265 168 265 265 168 
3 197 192 192 6 192 192 
3 168 168 168 3 168 168 
265 3 168 265 265 168 168 
265 168 168 265 168 3 168 
197 192 192 6 192 192 243 
175 6 3 6 174 174 174 
175 54 175 6 3 6 174 
175 174 174 174 57 175 54 
174 57 175 54 175 6 3 
174 174 57 175 54 175 6 
174 174 174 57 175 54 175 
174 174 174 174 174 174 11 
174 174 174 174 174 11 45 
174 174 174 174 11 45 33 
174 174 174 11 45 33 192 
174 174 11 45 33 192 33 
174 11 45 33 192 33 5 
168 3 3 265 168 265 168 
168 3 3 168 168 168 168 
168 168 265 168 3 168 168 
168 168 168 168 3 168 168 
168 146 168 168 168 168 168 
3 3 265 168 265 168 265 
3 3 168 168 265 168 265 
3 265 265 168 3 265 168 
3 265 168 265 265 265 168 
3 265 168 168 265 265 265 
3 168 265 265 168 168 265 
265 265 168 3 265 168 168 
265 168 3 265 265 3 168 
265 168 3 168 168 265 265 
265 168 265 3 168 265 265 
265 168 265 168 3 265 265 
265 168 265 168 265 3 3 
168 3 168 168 3 3 168 
168 3 168 168 168 168 168 
168 265 3 168 265 168 168 
168 168 3 3 3 265 168 
168 168 3 265 265 168 265 
168 168 3 168 168 3 3 
168 168 168 3 3 3 168 
168 168 168 168 3 168 3 
91 5 197 192 192 6 54 
6 91 5 197 192 192 6 
6 54 54 54 54 174 174 
54 54 54 54 174 174 174 
54 54 54 174 174 174 174 
54 54 174 174 174 174 174 
54 174 174 174 174 174 174 
5 197 192 192 6 54 54 
3 6 91 5 197 192 192 
3 3 168 168 265 265 3 
3 265 265 3 265 168 168 
3 265 168 3 265 265 168 
3 168 265 168 168 168 168 
3 168 168 3 3 168 168 
265 3 3 3 3 3 3 
265 3 3 265 168 265 265 
265 3 168 168 3 3 168 
265 168 3 3 265 168 265 
265 168 3 265 265 168 265 
265 168 3 265 168 3 3 
265 168 265 3 3 265 168 
197 192 192 6 54 54 54 
192 6 54 54 54 54 174 
192 192 6 54 54 54 54 
168 3 3 168 3 168 168 
168 3 168 3 168 3 168 
168 3 168 168 265 265 168 
168 3 168 168 168 3 168 
168 265 3 3 265 168 265 
168 265 3 3 168 168 265 
168 265 265 168 265 168 3 
168 265 168 3 265 168 168 
168 168 3 168 168 168 3 
168 168 265 265 3 265 168 
168 168 168 3 168 3 168 
168 168 168 168 3 3 3 
168 168 168 146 168 168 168 
168 168 146 168 168 168 168 
3 3 3 168 168 168 168 
3 3 265 168 168 168 265 
3 3 168 3 168 168 265 
3 265 3 265 168 265 168 
3 265 168 3 3 265 168 
3 168 3 168 168 3 3 
3 168 168 3 3 3 168 
3 168 168 265 168 168 168 
3 168 168 168 3 3 3 
265 3 3 265 3 168 265 
265 3 265 168 3 3 265 
265 265 3 265 168 168 3 
265 265 265 168 3 265 168 
265 265 168 3 3 265 168 
265 265 168 3 265 168 3 
265 265 168 3 265 168 265 
265 265 168 168 3 265 168 
265 168 3 3 265 168 168 
265 168 3 265 265 265 168 
265 168 3 265 168 168 168 
265 168 168 3 3 265 168 
168 3 3 3 168 3 168 
168 3 3 3 168 168 265 
168 3 265 265 168 265 3 
168 3 168 3 168 168 3 
168 3 168 265 3 265 3 
168 3 168 168 3 3 3 
168 3 168 168 168 3 3 
168 265 265 3 265 168 168 
168 265 265 168 265 3 168 
168 265 168 265 3 3 265 
168 265 168 265 168 3 3 
168 265 168 265 168 3 265 
168 265 168 168 265 168 3 
168 168 3 168 3 3 3 
168 168 3 168 3 168 168 
168 168 3 168 168 3 168 
168 168 168 3 3 168 168 
168 168 168 3 168 3 3 
168 168 168 168 168 3 3 
168 146 168 3 168 168 168 
146 168 168 168 168 168 168 
5 5 5 5 5 3 5 
3 3 3 3 3 168 168 
3 3 3 168 168 265 265 
3 3 265 168 265 265 168 
3 3 168 3 3 3 3 
3 3 168 3 3 168 3 
3 265 168 3 265 265 265 
3 265 168 3 168 3 265 
3 168 3 3 168 168 168 
3 168 3 168 3 3 168 
3 168 3 168 3 168 3 
3 168 3 168 3 168 168 
3 168 3 168 168 168 3 
3 168 168 3 3 265 168 
3 168 168 3 168 3 168 
3 168 168 265 265 3 265 
3 168 168 168 3 3 168 
265 3 3 265 168 168 265 
265 3 3 168 168 265 168 
265 265 3 168 168 3 3 
265 265 265 168 265 168 3 
265 265 168 265 168 3 3 
265 265 168 168 265 168 3 
265 168 3 265 3 168 265 
265 168 3 265 168 3 265 
265 168 265 168 3 3 265 
168 3 3 3 3 168 168 
168 3 3 3 265 3 265 
168 3 3 3 168 168 168 
168 3 3 168 3 3 168 
168 3 265 3 265 168 265 
168 3 265 265 3 168 168 
168 3 265 168 168 3 265 
168 3 168 3 168 168 168 
168 3 168 168 3 168 168 
168 3 168 168 168 168 3 
168 265 168 3 3 265 168 
168 168 3 3 3 168 168 
168 168 3 3 265 265 168 
168 168 3 168 3 3 168 
168 168 265 3 3 3 3 
168 168 168 168 3 3 168 
168 168 168 168 168 168 146 
168 168 102 168 168 168 168 
168 168 168 168 168 168 168 
174 174 174 174 174 174 174 
168 168 168 168 168 168 265 
265 168 168 168 168 168 168 
168 265 168 168 168 168 168 
168 265 168 168 265 168 168 
168 168 168 265 168 168 168 
168 168 265 168 168 168 265 
168 265 168 265 168 265 168 
6 33 5 3 197 192 192 
192 6 33 5 3 197 192 
265 168 265 168 265 168 265 
192 192 6 33 5 3 197 
168 265 168 168 265 168 265 
168 168 168 265 265 168 265 
265 168 265 168 168 265 168 
168 265 168 265 265 168 168 
265 168 265 168 265 265 168 
265 168 168 168 265 168 265 
168 168 168 265 168 265 265 
168 168 265 168 265 265 265 
168 265 265 168 265 168 168 
168 265 168 265 265 168 265 
168 168 265 265 168 265 265 
168 168 265 168 265 265 168 
265 265 168 168 168 265 168 
265 168 168 168 265 265 168 
33 5 3 197 192 192 6 
265 168 265 265 265 265 265 
168 3 168 168 168 168 168 
168 265 168 168 168 265 265 
265 168 168 265 168 168 265 
168 265 265 168 168 168 265 
265 168 265 265 265 168 168 
265 168 265 265 168 265 168 
265 168 265 265 168 168 168 
3 3 3 3 3 3 3 
3 168 168 168 168 168 168 
265 265 265 168 168 168 265 
265 265 168 265 168 168 265 
265 265 168 265 168 168 168 
265 168 168 265 168 265 265 
168 265 265 265 168 168 265 
168 265 265 265 168 168 168 
168 265 265 168 168 265 168 
168 168 3 168 168 168 168 
265 265 265 265 265 168 265 
265 265 265 168 265 168 265 
265 265 168 265 168 265 265 
265 265 168 168 265 168 168 
265 168 265 265 265 168 265 
168 265 265 168 265 265 168 
168 265 168 265 265 265 168 
265 265 265 168 265 265 168 
265 265 168 265 265 265 168 
265 265 168 265 168 265 168 
265 265 168 168 168 265 265 
265 168 265 3 265 168 265 
168 265 265 265 265 265 265 
168 265 265 265 168 265 168 
168 168 168 168 3 168 168 
5 3 197 192 192 6 33 
5 3 197 192 192 192 6 
33 5 3 197 192 192 192 
3 197 192 192 6 33 5 
3 197 192 192 192 6 33 
265 265 265 265 168 265 265 
265 265 265 168 265 168 168 
265 265 168 265 265 168 168 
197 192 192 6 33 5 3 
197 192 192 192 6 33 5 
192 192 192 6 33 5 3 
168 265 265 265 265 168 265 
168 168 168 3 168 168 168 
168 168 168 168 168 3 168 
125 125 125 125 125 125 125 
265 265 265 265 168 265 168 
265 168 265 168 168 168 265 
265 168 168 168 265 265 265 
168 265 3 265 168 265 168 
168 168 168 168 168 168 3 
265 265 168 265 3 265 168 
168 3 168 168 3 168 168 
168 265 3 168 265 168 168 
168 168 265 3 265 168 265 
168 168 265 265 265 168 265 
3 168 3 168 168 3 168 
3 168 168 168 168 168 265 
265 265 265 168 265 265 265 
168 265 3 265 168 265 3 
3 168 265 168 168 168 168 
265 265 168 265 265 265 265 
265 168 265 265 168 168 265 
168 265 265 265 168 265 265 
168 168 265 3 168 265 168 
168 168 265 168 3 168 168 
3 265 168 265 168 265 168 
3 168 168 265 168 168 168 
265 3 265 168 265 168 265 
265 168 265 265 265 265 168 
265 168 265 168 265 265 265 
168 3 265 265 265 265 168 
168 168 3 168 168 3 168 
3 265 265 168 265 168 168 
265 265 168 3 265 168 168 
265 265 168 265 3 168 265 
265 168 3 265 168 168 265 
265 168 3 168 265 3 265 
265 168 265 3 168 265 265 
265 168 265 265 168 265 3 
168 3 265 168 168 168 265 
168 265 168 265 168 3 265 
168 265 168 168 265 168 3 
168 168 3 265 265 168 265 
3 3 168 168 3 3 3 
3 265 168 168 265 265 265 
265 265 265 168 265 3 265 
265 168 168 265 168 3 168 
168 3 168 3 168 168 3 
168 3 168 168 3 168 3 
168 265 3 265 168 168 265 
168 265 3 168 265 265 168 
168 168 3 168 3 168 168 
168 168 265 168 3 168 265 
168 168 168 168 3 3 168 
3 3 168 3 3 3 3 
3 265 168 265 265 265 168 
3 168 168 3 168 3 168 
3 168 168 168 168 168 3 
265 3 3 265 3 168 265 
265 168 265 168 3 265 265 
168 3 168 3 168 3 168 
168 3 168 265 3 265 3 
168 3 168 168 168 3 168 
168 265 265 168 265 3 168 
168 168 265 3 265 168 168 
168 168 168 3 168 168 3 
168 168 168 168 3 3 3 
5 197 192 6 33 5 3 
3 3 168 3 3 168 3 
3 265 265 3 265 168 168 
3 265 265 265 265 168 265 
3 168 3 3 3 3 3 
3 168 265 265 168 168 265 
3 168 168 3 3 3 168 
3 168 168 3 168 168 3 
3 168 168 3 168 168 168 
265 3 265 168 265 3 265 
265 3 168 265 265 168 168 
265 265 265 168 3 265 168 
265 265 168 265 168 3 3 
265 265 168 168 3 265 168 
265 168 3 265 168 168 3 
265 168 3 265 168 168 168 
265 168 265 3 265 168 3 
265 168 265 168 265 168 3 
197 192 6 33 5 3 197 
168 3 3 168 168 168 168 
168 3 265 168 265 265 265 
168 3 265 168 168 265 3 
168 3 168 3 168 168 168 
168 3 168 168 3 3 168 
168 265 265 265 168 3 265 
168 265 168 3 168 168 265 
168 265 168 265 168 265 3 
168 168 3 168 3 3 168 
168 168 265 3 3 3 3 
91 258 311 240 240 174 174 
6 3 6 174 174 174 174 
6 192 192 243 125 125 125 
6 174 174 174 174 174 174 
57 175 54 175 6 3 6 
54 175 6 3 6 174 174 
5 3 197 192 192 6 192 
45 33 192 33 5 197 192 
33 5 197 192 6 33 5 
33 192 33 5 197 192 6 
311 240 240 174 174 175 191 
3 6 174 174 174 174 174 
3 3 168 168 168 168 168 
3 265 168 265 3 265 168 
3 265 168 265 265 168 265 
3 265 168 168 3 168 265 
3 197 192 192 6 192 192 
3 168 3 168 168 168 3 
3 168 265 168 168 265 3 
3 168 168 3 3 168 3 
265 265 168 3 3 265 168 
265 168 3 3 265 168 168 
265 168 3 265 265 168 265 
265 168 168 265 3 168 265 
258 311 240 240 174 174 175 
243 125 125 125 125 125 125 
240 240 174 174 175 191 122 
197 192 192 6 192 192 243 
192 6 192 192 243 125 125 
192 33 5 197 192 6 33 
192 243 125 125 125 125 125 
192 192 6 192 192 243 125 
192 192 243 125 125 125 125 
175 6 3 6 174 174 174 
175 54 175 6 3 6 174 
175 174 174 174 57 175 54 
174 57 175 54 175 6 3 
174 174 57 175 54 175 6 
174 174 174 57 175 54 175 
174 174 174 174 174 174 11 
174 174 174 174 174 11 45 
174 174 174 174 11 45 33 
174 174 174 11 45 33 192 
174 174 11 45 33 192 33 
174 11 45 33 192 33 5 
168 3 3 3 168 168 265 
168 3 3 3 168 168 168 
168 3 3 265 168 265 168 
168 3 3 168 3 3 168 
168 3 3 168 3 168 168 
168 3 265 3 265 168 265 
168 3 265 265 3 168 3 
168 3 265 265 168 265 3 
168 3 168 168 265 265 168 
168 3 168 168 168 168 3 
168 265 3 265 3 265 168 
168 265 265 3 265 168 168 
168 265 265 168 265 168 3 
168 265 168 3 265 168 168 
168 168 3 3 3 265 168 
168 168 3 3 3 168 168 
168 168 168 3 3 168 168 
168 168 168 168 168 102 168 
125 91 258 311 240 240 174 
125 125 91 258 311 240 240 
125 125 125 91 258 311 240 
125 125 125 125 91 258 311 
125 125 125 125 125 91 258 
125 125 125 125 125 125 91 
11 45 33 192 33 5 197 
5 197 192 3 3 6 91 
45 5 197 192 3 3 6 
45 45 5 197 192 3 3 
3 3 3 168 168 265 265 
3 3 265 168 265 3 265 
3 3 265 168 265 168 168 
3 3 265 168 168 168 265 
3 3 168 3 168 168 265 
3 3 168 168 265 168 265 
3 265 3 168 265 3 265 
3 265 3 168 265 168 265 
3 265 265 168 265 3 168 
3 265 265 168 265 265 168 
3 265 168 3 3 265 168 
3 265 168 3 265 265 265 
3 265 168 3 168 265 3 
3 265 168 168 265 3 265 
3 265 168 168 265 3 168 
3 168 3 3 3 168 168 
3 168 3 3 168 3 168 
3 168 3 3 168 168 168 
3 168 168 3 168 3 3 
3 168 168 168 3 168 168 
268 45 45 5 197 192 3 
265 3 3 168 168 265 168 
265 265 3 265 168 168 3 
265 265 265 168 265 168 3 
265 168 3 265 265 265 168 
265 168 265 168 3 3 265 
265 168 265 168 265 3 3 
240 174 174 175 191 122 268 
197 192 3 3 6 91 5 
191 122 268 45 45 5 197 
175 191 122 268 45 45 5 
174 175 191 122 268 45 45 
174 174 175 191 122 268 45 
168 3 265 265 3 168 168 
168 3 265 168 168 3 265 
168 3 265 168 168 265 265 
168 3 168 3 3 168 168 
168 265 3 3 3 3 168 
168 265 3 265 3 168 265 
168 265 3 265 168 3 265 
168 265 168 168 265 3 265 
168 168 3 3 3 168 3 
168 168 3 3 265 265 168 
168 168 3 3 168 3 168 
168 168 3 168 3 3 3 
168 168 265 265 3 265 168 
168 168 168 3 168 3 168 
168 168 168 168 168 3 3 
168 168 146 168 168 168 168 
122 268 45 45 5 197 192 
91 5 197 192 192 6 54 
6 91 5 197 192 192 6 
6 54 54 54 54 174 174 
54 54 54 54 174 174 174 
54 54 54 174 174 174 174 
54 54 174 174 174 174 174 
54 174 174 174 174 174 174 
5 197 192 192 6 54 54 
3 6 91 5 197 192 192 
3 3 6 91 5 197 192 
3 3 3 3 3 3 265 
3 3 3 168 168 168 168 
3 3 265 168 3 168 265 
3 3 265 168 265 265 168 
3 3 168 265 168 168 265 
3 3 168 168 3 168 3 
3 265 265 168 3 265 168 
3 265 168 3 168 3 265 
3 168 3 168 3 3 168 
3 168 3 168 3 168 3 
3 168 3 168 168 3 3 
3 168 3 168 168 168 168 
3 168 168 3 3 168 168 
3 168 168 265 168 3 168 
3 168 168 168 3 3 168 
3 168 168 168 168 3 168 
265 3 3 265 168 265 168 
265 3 3 265 168 168 265 
265 3 265 3 265 168 265 
265 3 265 168 3 3 265 
265 3 265 168 3 168 265 
265 3 168 168 3 3 168 
265 265 168 3 265 168 3 
265 265 168 3 265 168 265 
265 168 3 3 265 168 265 
265 168 3 265 265 3 168 
265 168 3 265 168 3 265 
265 168 3 168 3 265 265 
265 168 3 168 168 265 265 
265 168 265 3 3 265 168 
265 168 168 3 3 265 168 
265 168 168 265 3 265 168 
265 102 265 168 168 265 168 
197 192 192 6 54 54 54 
192 6 54 54 54 54 174 
192 3 3 6 91 5 197 
192 192 6 54 54 54 54 
168 3 3 3 3 265 168 
168 3 265 265 168 3 265 
168 3 265 168 3 265 265 
168 3 265 168 265 3 265 
168 3 168 3 3 3 168 
168 3 168 168 168 3 3 
168 265 3 3 168 168 265 
168 265 3 168 3 3 265 
168 265 168 265 168 3 3 
168 168 3 3 168 168 3 
168 168 3 168 168 3 3 
168 168 3 168 168 168 3 
168 168 168 3 3 3 168 
168 168 168 3 168 3 3 
168 168 168 168 3 168 3 
168 168 168 168 168 168 146 
168 168 102 168 168 168 168 
168 146 168 168 168 168 168 
3 3 3 3 3 168 168 
3 3 265 3 265 168 3 
3 3 265 168 265 168 265 
3 3 265 168 168 265 3 
3 3 168 168 265 265 3 
3 265 3 3 265 3 168 
3 265 3 265 168 265 168 
3 265 168 3 265 265 168 
3 168 3 168 3 168 168 
3 168 265 3 265 168 265 
3 168 168 3 3 265 168 
3 168 168 265 265 3 265 
265 3 3 3 3 3 3 
265 3 3 265 265 3 168 
265 3 3 265 168 3 168 
265 3 168 265 3 265 3 
265 265 3 168 168 3 3 
265 265 168 168 265 168 3 
265 168 3 3 265 265 168 
265 168 3 265 3 168 265 
265 168 3 265 168 3 3 
168 3 3 3 3 168 168 
168 3 3 3 265 3 265 
168 3 3 3 168 3 168 
168 3 265 265 265 168 168 
168 3 265 168 265 3 168 
168 3 168 3 3 168 3 
168 3 168 168 3 3 3 
168 3 168 168 3 3 265 
168 265 168 3 3 265 168 
168 265 168 265 3 3 265 
168 168 3 168 3 168 3 
168 168 168 146 168 168 168 
146 168 168 168 168 168 168 
174 174 174 174 174 174 174 
3 3 3 3 3 3 3 
168 168 168 168 168 168 168 
265 168 168 168 168 168 168 
168 265 168 168 168 168 168 
168 168 168 168 168 168 265 
6 33 5 3 197 192 192 
192 6 33 5 3 197 192 
168 168 168 265 168 168 168 
192 192 6 33 5 3 197 
168 265 265 168 168 168 265 
168 265 168 265 168 265 168 
168 168 168 265 265 168 265 
265 168 265 168 168 168 265 
168 168 265 265 168 265 265 
168 168 265 168 265 265 168 
33 5 3 197 192 192 6 
265 168 265 168 265 168 265 
265 168 168 168 265 265 168 
168 265 168 168 265 168 168 
265 168 265 265 168 168 168 
168 265 265 168 265 265 168 
168 265 168 265 265 168 168 
168 168 265 168 168 168 265 
265 265 168 168 168 265 265 
168 265 168 168 265 168 265 
168 168 168 265 168 265 265 
265 265 168 265 168 168 168 
265 265 168 168 265 168 168 
265 168 168 168 265 168 265 
168 265 265 265 265 265 265 
265 265 265 168 265 168 168 
265 265 168 265 265 265 265 
265 265 168 265 168 265 168 
265 168 265 265 265 265 168 
265 168 265 168 168 265 168 
5 3 197 192 192 6 33 
5 3 197 192 192 192 6 
33 5 3 197 192 192 192 
3 197 192 192 6 33 5 
3 197 192 192 192 6 33 
265 265 265 265 168 265 265 
197 192 192 6 33 5 3 
197 192 192 192 6 33 5 
192 192 192 6 33 5 3 
168 265 265 265 265 168 265 
168 265 265 168 168 265 168 
168 265 168 168 168 265 265 
125 125 125 125 125 125 125 
265 265 265 168 265 168 265 
265 265 168 265 265 168 168 
265 265 168 265 168 168 265 
265 265 168 168 168 265 168 
265 168 265 168 265 265 265 
265 168 168 265 168 265 265 
168 168 265 168 265 265 265 
265 265 265 265 265 168 265 
168 265 265 265 168 265 168 
168 265 265 168 265 168 168 
168 265 168 265 265 265 168 
265 265 265 168 265 265 265 
168 168 265 265 265 168 265 
265 265 265 265 168 265 168 
265 168 265 265 265 168 265 
168 265 265 265 168 168 168 
168 265 168 265 265 168 265 
265 265 168 265 168 265 265 
265 168 265 265 168 265 168 
265 168 265 265 168 168 265 
265 168 265 3 265 168 265 
265 168 168 265 168 168 265 
168 265 265 265 168 168 265 
265 265 265 168 265 265 168 
168 265 265 265 168 265 265 
3 265 168 265 168 265 168 
265 265 265 168 168 168 265 
265 265 168 168 3 265 168 
265 168 265 3 168 265 265 
265 168 265 265 265 265 265 
265 168 265 265 265 168 168 
265 168 265 168 265 265 168 
168 265 265 265 168 3 265 
168 265 168 265 168 3 265 
3 168 265 168 168 168 168 
265 168 265 168 265 168 3 
168 168 168 168 168 3 168 
168 168 168 168 168 168 3 
3 265 168 168 265 3 265 
265 265 265 168 265 3 265 
265 168 3 168 3 265 265 
265 168 168 265 3 168 265 
168 3 265 168 265 3 265 
168 3 168 168 265 265 168 
168 265 3 265 168 265 168 
168 168 265 3 168 265 168 
3 168 168 168 168 168 168 
265 265 265 168 265 168 3 
265 265 168 265 265 265 168 
265 168 265 168 3 265 265 
265 168 168 168 265 265 265 
168 3 265 168 168 265 3 
168 3 168 168 3 168 168 
168 168 3 168 168 3 168 
168 168 265 3 265 168 265 
168 168 168 3 168 168 168 
3 168 265 265 168 168 265 
3 168 168 3 168 168 168 
265 168 168 265 3 265 168 
168 3 3 265 168 265 168 
168 3 168 3 3 168 168 
168 3 168 3 168 3 168 
168 3 168 168 168 3 168 
168 3 168 168 168 168 168 
168 265 3 168 265 265 168 
168 265 168 265 168 265 3 
168 265 168 168 265 3 265 
168 168 3 168 168 168 168 
3 265 3 168 265 168 265 
3 265 265 265 265 168 265 
3 265 168 265 265 168 265 
3 168 3 3 168 168 168 
3 168 265 168 168 265 3 
3 168 168 265 168 168 168 
265 3 265 168 265 168 265 
265 265 265 168 3 265 168 
265 265 168 3 265 265 3 
265 265 168 3 265 168 265 
265 265 168 265 3 168 265 
168 3 265 168 168 168 265 
168 3 168 3 168 168 168 
168 265 3 265 3 168 265 
168 265 3 265 168 168 265 
168 265 3 168 265 168 168 
168 168 265 168 3 168 265 
168 168 168 3 168 3 3 
168 168 168 168 3 168 168 
91 258 311 240 240 174 174 
6 3 6 174 174 174 174 
6 192 192 243 125 125 125 
6 174 174 174 174 174 174 
57 175 54 175 6 3 6 
54 175 6 3 6 174 174 
5 3 197 192 192 6 192 
5 197 192 6 33 5 3 
45 33 192 33 5 197 192 
33 5 197 192 6 33 5 
33 192 33 5 197 192 6 
311 240 240 174 174 175 191 
3 6 174 174 174 174 174 
3 3 3 265 168 168 168 
3 3 168 168 168 168 168 
3 265 168 265 265 265 168 
3 197 192 192 6 192 192 
3 168 168 168 168 168 265 
265 265 3 265 168 168 3 
265 265 168 3 3 265 168 
265 265 168 265 3 265 168 
265 168 3 265 265 168 265 
265 168 265 265 168 265 3 
265 168 168 3 3 265 168 
258 311 240 240 174 174 175 
243 125 125 125 125 125 125 
240 240 174 174 175 191 122 
197 192 6 33 5 3 197 
197 192 192 6 192 192 243 
192 6 192 192 243 125 125 
192 33 5 197 192 6 33 
192 243 125 125 125 125 125 
192 192 6 192 192 243 125 
192 192 243 125 125 125 125 
175 6 3 6 174 174 174 
175 54 175 6 3 6 174 
175 174 174 174 57 175 54 
174 57 175 54 175 6 3 
174 174 57 175 54 175 6 
174 174 174 57 175 54 175 
174 174 174 174 174 174 11 
174 174 174 174 174 11 45 
174 174 174 174 11 45 33 
174 174 174 11 45 33 192 
174 174 11 45 33 192 33 
174 11 45 33 192 33 5 
168 3 3 168 168 168 168 
168 265 3 265 168 265 3 
168 265 265 3 265 168 168 
168 168 265 3 265 168 168 
125 91 258 311 240 240 174 
125 125 91 258 311 240 240 
125 125 125 91 258 311 240 
125 125 125 125 91 258 311 
125 125 125 125 125 91 258 
125 125 125 125 125 125 91 
11 45 33 192 33 5 197 
3 3 3 168 168 265 265 
3 3 265 168 265 168 265 
3 3 168 3 168 168 265 
3 3 168 168 265 168 265 
3 265 265 168 265 3 168 
3 265 265 168 265 265 168 
3 265 168 3 265 265 168 
3 265 168 265 3 265 168 
3 265 168 168 265 265 265 
3 168 3 168 3 168 168 
3 168 168 3 168 3 168 
3 168 168 3 168 168 3 
3 168 168 168 3 168 168 
3 168 168 168 168 168 3 
265 3 168 265 265 168 168 
265 265 3 168 168 3 3 
265 265 168 3 265 168 168 
265 168 3 3 265 168 168 
265 168 3 265 3 168 265 
265 168 3 265 265 265 168 
265 168 265 168 265 3 3 
240 174 174 175 191 122 268 
175 191 122 268 45 45 5 
174 175 191 122 268 45 45 
174 174 175 191 122 268 45 
168 3 265 265 265 265 168 
168 3 168 168 3 168 3 
168 265 168 3 168 168 265 
168 265 168 265 3 3 265 
168 265 168 168 265 168 3 
168 168 3 265 265 168 265 
168 168 3 168 3 168 168 
168 168 3 168 168 168 3 
168 168 265 168 3 168 168 
168 168 168 168 3 168 3 
168 168 168 168 168 3 3 
3 3 168 3 3 168 3 
3 265 265 3 265 168 168 
3 265 265 265 168 168 265 
3 265 265 168 265 168 168 
3 265 168 3 265 265 265 
3 168 3 168 3 3 168 
3 168 3 168 168 168 3 
3 168 265 3 265 168 265 
3 168 168 3 3 168 168 
3 168 168 168 3 3 168 
265 168 3 3 265 168 265 
265 168 3 265 168 168 168 
265 168 3 168 168 265 265 
168 3 3 168 3 3 168 
168 3 265 265 168 3 265 
168 3 265 265 168 265 3 
168 3 265 168 265 3 168 
168 3 265 168 265 265 265 
168 3 168 168 3 3 168 
168 265 265 168 265 3 168 
168 265 265 168 265 168 3 
168 168 3 3 3 265 168 
168 168 3 3 265 265 168 
168 168 265 265 3 265 168 
91 5 197 192 192 6 54 
6 91 5 197 192 192 6 
6 54 54 54 54 174 174 
54 54 54 54 174 174 174 
54 54 54 174 174 174 174 
54 54 174 174 174 174 174 
54 174 174 174 174 174 174 
5 197 192 3 3 6 91 
5 197 192 192 6 54 54 
45 5 197 192 3 3 6 
45 45 5 197 192 3 3 
3 6 91 5 197 192 192 
3 3 6 91 5 197 192 
3 3 265 168 265 168 168 
3 3 265 168 168 265 3 
3 3 168 168 265 265 3 
3 265 3 168 265 3 265 
3 265 168 3 168 265 3 
3 168 3 3 168 3 168 
3 168 3 168 3 168 3 
3 168 3 168 168 3 168 
3 168 168 3 3 265 168 
268 45 45 5 197 192 3 
265 3 3 265 168 265 265 
265 3 265 168 3 168 265 
265 168 3 3 265 265 168 
265 168 3 265 265 3 168 
265 168 3 265 168 168 265 
265 168 3 168 265 3 265 
265 168 265 3 3 265 168 
197 192 3 3 6 91 5 
197 192 192 6 54 54 54 
192 6 54 54 54 54 174 
192 3 3 6 91 5 197 
192 192 6 54 54 54 54 
191 122 268 45 45 5 197 
168 3 3 3 168 168 265 
168 3 265 265 265 168 168 
168 3 265 168 3 265 265 
168 3 168 3 3 3 168 
168 3 168 168 3 3 265 
168 265 3 265 3 265 168 
168 265 3 168 3 3 265 
168 265 168 3 265 168 168 
168 168 168 3 3 3 168 
168 168 168 3 168 3 168 
168 168 168 3 168 168 3 
168 168 168 168 3 3 3 
122 268 45 45 5 197 192 
3 3 3 168 168 168 168 
3 3 265 168 265 3 265 
3 3 265 168 265 265 168 
3 3 265 168 168 168 265 
3 3 168 265 168 168 265 
3 265 3 3 265 265 3 
3 265 3 265 168 265 168 
3 265 265 168 3 265 168 
3 265 168 168 3 168 265 
3 265 168 168 265 3 168 
3 168 3 168 168 168 168 
3 168 168 265 265 3 265 
3 168 168 265 168 3 168 
3 168 168 168 168 3 168 
265 3 3 265 3 168 265 
265 3 3 265 265 3 168 
265 3 3 265 168 265 168 
265 3 3 168 168 265 168 
265 3 265 168 265 3 265 
265 3 168 265 3 265 3 
265 3 168 168 3 3 168 
265 265 168 168 265 168 3 
265 168 265 3 265 168 3 
265 168 168 265 168 3 168 
168 3 168 3 168 168 3 
168 3 168 265 3 265 3 
168 3 168 168 168 3 3 
168 3 168 168 168 168 3 
168 265 3 3 265 168 265 
168 265 168 265 168 3 3 
168 168 3 3 3 168 3 
168 168 3 3 3 168 168 
168 168 3 168 3 3 3 
168 168 3 168 3 3 168 
168 168 265 3 3 3 3 
168 168 168 3 3 168 168 
168 168 168 168 168 102 168 
3 3 3 3 3 168 168 
3 3 3 168 3 168 168 
3 3 265 3 265 168 3 
3 3 168 3 3 3 3 
3 3 168 168 3 168 3 
3 265 168 3 3 265 168 
3 265 168 3 168 3 265 
3 168 3 168 168 3 3 
3 168 168 3 3 3 168 
3 168 168 3 3 168 3 
3 168 168 3 168 3 3 
3 168 168 168 3 3 3 
265 3 3 265 168 3 168 
265 265 168 3 265 168 3 
265 168 3 265 168 3 265 
265 168 3 265 168 168 3 
265 168 265 168 3 3 265 
265 102 265 168 168 265 168 
168 3 3 3 3 265 168 
168 3 3 3 3 168 168 
168 3 3 3 168 3 168 
168 3 3 3 168 168 168 
168 3 3 168 3 168 168 
168 3 265 3 265 168 265 
168 3 265 265 3 168 3 
168 3 265 168 168 3 265 
168 3 168 3 3 168 3 
168 265 3 3 168 168 265 
168 265 3 265 168 3 265 
168 265 168 3 3 265 168 
168 168 3 3 168 3 168 
168 168 3 3 168 168 3 
168 168 3 168 3 168 3 
168 168 168 168 3 3 168 
168 168 168 168 168 168 146 
168 168 168 146 168 168 168 
168 168 102 168 168 168 168 
5 5 5 5 5 3 5 
168 168 168 168 168 168 168 
168 168 168 168 168 168 265 
265 168 168 168 168 168 168 
3 3 3 3 3 3 3 
168 265 168 168 168 168 168 
168 168 168 265 168 168 168 
3 168 168 168 168 168 168 
168 168 265 168 168 168 265 
168 3 168 168 168 168 168 
168 168 168 168 168 168 3 
168 265 168 168 265 168 168 
168 168 3 168 168 168 168 
168 168 168 3 168 168 168 
168 168 168 168 3 168 168 
168 168 168 168 168 3 168 
168 168 168 265 168 265 265 
174 174 174 174 174 174 174 
265 168 265 168 168 168 265 
265 168 168 168 265 168 265 
265 168 265 265 168 168 168 
168 265 168 265 265 168 168 
168 265 168 265 168 265 168 
168 168 265 168 265 265 168 
265 168 265 168 168 265 168 
265 265 168 265 168 168 168 
168 265 265 265 168 168 168 
168 265 168 168 168 265 265 
265 265 168 168 168 265 168 
168 168 168 265 265 168 265 
168 265 265 168 265 168 168 
168 265 265 168 168 265 168 
3 168 168 168 168 168 265 
265 265 168 168 265 168 168 
265 168 168 168 265 265 168 
168 265 168 168 265 168 265 
168 265 265 168 168 168 265 
3 168 265 168 168 168 168 
265 168 265 168 265 168 265 
265 168 168 265 168 168 265 
3 168 168 265 168 168 168 
3 168 168 168 3 168 168 
265 168 265 168 265 265 168 
168 265 265 265 168 265 168 
168 168 265 168 3 168 168 
3 3 168 168 168 168 168 
265 265 168 265 168 168 265 
168 265 168 265 265 168 265 
168 168 168 3 168 3 168 
265 265 265 168 168 168 265 
265 265 168 265 168 265 168 
168 3 168 3 168 168 168 
168 168 3 168 168 3 168 
265 265 265 168 265 168 168 
168 3 168 168 168 168 3 
168 168 168 168 3 3 168 
3 168 168 168 168 168 3 
265 168 168 168 265 265 265 
168 168 3 168 3 168 168 
168 168 3 168 168 168 3 
168 168 168 168 168 3 3 
6 33 5 3 197 192 192 
3 168 3 168 168 168 168 
265 265 265 168 265 168 265 
192 6 33 5 3 197 192 
168 265 168 265 265 265 168 
168 265 168 168 265 168 3 
168 168 168 3 3 168 168 
265 265 168 168 168 265 265 
168 3 3 168 168 168 168 
168 3 168 168 3 168 168 
168 168 265 265 265 168 265 
168 168 168 168 3 168 3 
3 168 168 3 168 168 168 
265 265 168 265 168 265 265 
265 168 265 265 265 168 265 
168 168 265 3 168 265 168 
168 168 265 265 168 265 265 
168 168 265 168 265 265 265 
265 168 265 168 265 265 265 
192 192 6 33 5 3 197 
168 3 168 168 168 3 168 
168 168 265 168 3 168 265 
168 168 168 168 168 102 168 
168 3 168 3 168 3 168 
168 265 168 3 168 168 265 
265 265 168 265 265 168 168 
265 168 265 265 265 265 265 
265 168 265 265 265 265 168 
265 168 265 265 168 265 168 
265 168 168 265 168 3 168 
168 168 168 3 168 168 3 
265 3 168 265 265 168 168 
265 265 168 265 265 265 265 
265 168 265 265 265 168 168 
265 168 265 265 168 265 3 
265 168 265 265 168 168 265 
265 168 168 265 168 265 265 
265 168 265 3 265 168 265 
168 265 3 265 168 265 3 
168 265 3 168 265 265 168 
168 265 3 168 265 168 168 
168 265 265 265 168 168 265 
168 168 265 3 265 168 168 
3 265 265 168 265 168 168 
3 168 168 168 168 3 168 
168 265 265 265 265 168 265 
168 265 265 168 265 3 168 
168 265 265 168 265 265 168 
168 265 168 168 265 3 265 
168 168 3 168 3 168 3 
33 5 3 197 192 192 6 
265 265 265 265 168 265 168 
265 168 3 265 168 168 168 
168 3 3 265 168 265 168 
168 3 265 168 168 168 265 
168 168 265 3 265 168 265 
168 168 168 168 3 3 3 
3 3 3 168 168 168 168 
3 265 3 265 168 265 168 
3 265 168 265 3 265 168 
3 265 168 265 168 265 168 
265 265 168 3 265 168 168 
265 265 168 265 265 265 168 
168 168 3 3 3 168 168 
168 168 3 3 168 168 3 
168 168 168 3 3 3 168 
168 168 102 168 168 168 168 
3 168 3 168 168 3 168 
265 265 168 265 3 265 168 
265 168 168 265 3 265 168 
168 265 3 3 168 168 265 
168 265 3 265 168 265 168 
168 168 3 168 3 3 168 
5 3 197 192 192 6 33 
5 3 197 192 192 192 6 
33 5 3 197 192 192 192 
3 3 265 168 265 168 168 
3 197 192 192 6 33 5 
3 197 192 192 192 6 33 
3 168 3 3 168 168 168 
3 168 168 3 168 168 3 
265 3 265 168 265 3 265 
265 265 265 168 265 265 265 
265 265 265 168 265 265 168 
265 265 168 265 3 168 265 
265 168 3 265 168 168 265 
265 168 265 3 168 265 265 
265 168 168 265 3 168 265 
197 192 192 6 33 5 3 
197 192 192 192 6 33 5 
192 192 192 6 33 5 3 
168 3 265 265 265 168 168 
168 3 168 168 3 168 3 
168 3 168 168 265 265 168 
168 265 3 265 3 265 168 
168 265 3 265 168 168 265 
168 265 265 3 265 168 168 
168 265 265 265 265 265 265 
168 265 265 265 168 3 265 
168 265 265 265 168 265 265 
168 168 3 3 265 265 168 
125 125 125 125 125 125 125 
3 265 265 3 265 168 168 
3 168 3 168 3 168 3 
3 168 3 168 3 168 168 
3 168 168 3 168 3 168 
265 3 3 168 168 265 168 
265 3 265 3 265 168 265 
265 265 265 265 168 265 265 
265 168 3 3 265 168 265 
265 168 3 168 168 265 265 
168 3 265 168 265 265 265 
168 3 168 3 168 168 3 
168 265 265 168 265 168 3 
168 265 168 3 265 168 168 
168 265 168 265 168 3 265 
146 168 168 168 168 168 168 
3 265 265 265 168 168 265 
3 265 168 168 3 168 265 
3 265 168 168 265 3 168 
3 168 168 265 168 3 168 
265 3 265 168 265 168 265 
265 265 265 265 265 168 265 
265 265 265 168 265 3 265 
265 168 265 3 265 168 3 
265 168 265 168 265 168 3 
168 3 3 3 168 3 168 
168 3 3 168 3 168 168 
168 3 265 168 265 3 265 
168 3 265 168 265 3 168 
168 3 265 168 168 3 265 
168 3 168 3 3 168 168 
168 265 3 265 168 3 265 
168 168 3 3 3 168 3 
168 168 265 265 3 265 168 
168 168 168 3 168 3 3 
168 146 168 168 168 168 168 
3 3 265 168 265 168 265 
3 265 265 168 3 265 168 
3 265 265 168 265 265 168 
3 265 168 265 265 265 168 
3 168 3 3 168 3 168 
3 168 265 265 168 168 265 
3 168 265 168 168 265 3 
3 168 168 3 3 3 168 
3 168 168 168 3 3 168 
265 3 3 265 168 168 265 
265 3 265 168 3 168 265 
265 168 3 265 168 168 3 
168 3 265 3 265 168 265 
168 3 265 168 168 265 3 
168 265 168 265 168 265 3 
3 3 265 168 168 265 3 
3 3 265 168 168 168 265 
3 3 168 265 168 168 265 
3 265 168 3 168 265 3 
3 168 3 168 168 3 3 
3 168 3 168 168 168 3 
3 168 265 3 265 168 265 
3 168 168 3 3 168 3 
265 265 3 265 168 168 3 
265 265 265 168 265 168 3 
265 265 168 3 3 265 168 
265 265 168 168 3 265 168 
265 265 168 168 265 168 3 
265 168 3 265 265 168 265 
265 168 3 168 3 265 265 
265 168 3 168 265 3 265 
265 168 265 168 265 3 3 
168 3 3 3 168 168 265 
168 3 3 3 168 168 168 
168 3 265 265 168 3 265 
168 3 265 168 3 265 265 
168 3 168 265 3 265 3 
168 265 3 3 265 168 265 
168 265 168 3 3 265 168 
168 168 3 3 168 3 168 
168 168 3 265 265 168 265 
168 168 265 3 3 3 3 
168 168 168 146 168 168 168 
168 168 146 168 168 168 168 
5 197 192 3 3 6 91 
3 3 3 3 3 168 168 
3 3 3 168 3 168 168 
3 3 168 168 3 168 3 
3 3 168 168 265 168 265 
3 265 265 265 265 168 265 
3 265 168 3 3 265 168 
3 265 168 3 265 265 265 
3 265 168 168 265 3 265 
3 265 168 168 265 265 265 
3 168 3 3 3 168 168 
3 168 3 168 3 3 168 
3 168 168 3 168 3 3 
265 3 3 265 168 265 168 
265 3 168 168 3 3 168 
265 265 265 168 3 265 168 
265 265 168 3 265 168 265 
265 265 168 265 168 3 3 
265 168 3 3 265 265 168 
265 168 3 3 265 168 168 
265 168 3 265 265 3 168 
265 168 3 265 168 3 3 
265 168 3 265 168 3 265 
265 168 265 3 3 265 168 
265 168 265 168 3 265 265 
168 3 265 265 265 265 168 
168 3 265 168 168 265 265 
168 3 168 3 3 3 168 
168 3 168 168 3 3 265 
168 265 3 3 3 3 168 
168 265 168 265 168 3 3 
168 168 3 168 168 3 3 
168 168 168 168 168 168 146 
91 258 311 240 240 174 174 
6 3 6 174 174 174 174 
6 192 192 243 125 125 125 
6 174 174 174 174 174 174 
57 175 54 175 6 3 6 
54 175 6 3 6 174 174 
5 3 197 192 192 6 192 
5 197 192 6 33 5 3 
45 5 197 192 3 3 6 
45 45 5 197 192 3 3 
45 33 192 33 5 197 192 
33 5 197 192 6 33 5 
33 192 33 5 197 192 6 
311 240 240 174 174 175 191 
3 6 174 174 174 174 174 
3 3 265 168 3 168 265 
3 3 265 168 265 3 265 
3 3 168 3 3 3 3 
3 3 168 3 3 168 3 
3 265 3 168 265 3 265 
3 265 3 168 265 168 265 
3 265 265 168 265 3 168 
3 265 168 265 265 168 265 
3 197 192 192 6 192 192 
3 168 168 3 3 265 168 
268 45 45 5 197 192 3 
265 3 3 265 265 3 168 
265 3 265 168 3 3 265 
265 265 3 168 168 3 3 
265 168 265 168 3 3 265 
258 311 240 240 174 174 175 
243 125 125 125 125 125 125 
240 240 174 174 175 191 122 
240 174 174 175 191 122 268 
197 192 6 33 5 3 197 
197 192 3 3 6 91 5 
197 192 192 6 192 192 243 
192 6 192 192 243 125 125 
192 33 5 197 192 6 33 
192 243 125 125 125 125 125 
192 192 6 192 192 243 125 
192 192 243 125 125 125 125 
191 122 268 45 45 5 197 
175 6 3 6 174 174 174 
175 54 175 6 3 6 174 
175 191 122 268 45 45 5 
175 174 174 174 57 175 54 
174 57 175 54 175 6 3 
174 175 191 122 268 45 45 
174 174 57 175 54 175 6 
174 174 175 191 122 268 45 
174 174 174 57 175 54 175 
174 174 174 174 174 174 11 
174 174 174 174 174 11 45 
174 174 174 174 11 45 33 
174 174 174 11 45 33 192 
174 174 11 45 33 192 33 
174 11 45 33 192 33 5 
168 3 265 265 3 168 3 
168 3 265 265 3 168 168 
168 3 265 265 168 265 3 
168 3 168 3 3 168 3 
168 3 168 168 3 3 3 
168 3 168 168 3 3 168 
168 3 168 168 168 3 3 
168 265 3 265 3 168 265 
168 265 3 168 3 3 265 
168 168 3 168 3 3 3 
125 91 258 311 240 240 174 
125 125 91 258 311 240 240 
125 125 125 91 258 311 240 
125 125 125 125 91 258 311 
125 125 125 125 125 91 258 
125 125 125 125 125 125 91 
122 268 45 45 5 197 192 
11 45 33 192 33 5 197 
3 6 91 5 197 192 192 
3 3 6 91 5 197 192 
3 3 3 3 3 3 265 
3 3 3 265 168 168 168 
3 3 3 168 168 265 265 
3 3 265 168 265 265 168 
3 3 168 3 168 168 265 
3 3 168 168 265 265 3 
3 265 168 3 265 265 168 
3 265 168 3 168 3 265 
3 168 3 3 3 3 3 
3 168 168 3 3 168 168 
265 3 3 265 168 3 168 
265 3 3 265 168 265 265 
265 3 168 265 3 265 3 
265 168 168 3 3 265 168 
192 3 3 6 91 5 197 
168 3 3 3 3 265 168 
168 3 3 168 3 3 168 
168 265 168 265 3 3 265 
168 168 3 3 3 265 168 
168 146 168 3 168 168 168 
168 146 168 265 168 146 168 
91 5 197 192 192 6 54 
6 91 5 197 192 192 6 
6 54 54 54 54 174 174 
54 54 54 54 174 174 174 
54 54 54 174 174 174 174 
54 54 174 174 174 174 174 
54 174 174 174 174 174 174 
5 5 5 5 5 3 5 
3 3 3 3 3 3 3 
192 6 33 5 3 197 192 
174 174 174 174 174 174 174 
6 33 5 3 197 192 192 
192 192 6 33 5 3 197 
33 5 3 197 192 192 6 
5 3 197 192 192 6 33 
3 197 192 192 6 33 5 
197 192 192 6 33 5 3 
33 5 3 197 192 192 192 
125 125 125 125 125 125 125 
5 3 197 192 192 192 6 
5 197 192 3 3 6 91 
192 192 192 6 33 5 3 
3 197 192 192 192 6 33 
197 192 192 192 6 33 5 
5 197 192 6 33 5 3 
197 192 6 33 5 3 197 
33 192 33 5 197 192 6 
192 33 5 197 192 6 33 
33 5 197 192 6 33 5 
45 33 192 33 5 197 192 
11 45 33 192 33 5 197 
197 192 3 3 6 91 5 
192 243 125 125 125 125 125 
125 125 125 125 125 125 91 
3 3 6 91 5 197 192 
243 125 125 125 125 125 125 
192 3 3 6 91 5 197 
311 240 240 174 174 175 191 
258 311 240 240 174 174 175 
240 240 174 174 175 191 122 
91 258 311 240 240 174 174 
125 91 258 311 240 240 174 
125 125 91 258 311 240 240 
125 125 125 91 258 311 240 
125 125 125 125 91 258 311 
125 125 125 125 125 91 258 
192 192 243 125 125 125 125 
6 192 192 243 125 125 125 
192 6 192 192 243 125 125 
265 3 265 168 3 3 265 
192 192 6 192 192 243 125 
3 265 168 3 3 265 168 
3 3 265 3 265 168 3 
168 3 3 3 265 3 265 
45 5 197 192 3 3 6 
168 3 3 3 3 265 168 
45 45 5 197 192 3 3 
174 11 45 33 192 33 5 
268 45 45 5 197 192 3 
174 174 174 11 45 33 192 
174 174 11 45 33 192 33 
168 168 168 168 168 168 168 
6 174 174 174 174 174 174 
240 174 174 175 191 122 268 
174 174 175 191 122 268 45 
191 122 268 45 45 5 197 
175 191 122 268 45 45 5 
174 175 191 122 268 45 45 
122 268 45 45 5 197 192 
5 3 197 192 192 6 192 
174 174 174 174 174 174 11 
174 174 174 174 174 11 45 
174 174 174 174 11 45 33 
6 91 5 197 192 192 6 
3 6 91 5 197 192 192 
3 197 192 192 6 192 192 
3 3 168 3 3 3 3 
197 192 192 6 192 192 243 
3 6 174 174 174 174 174 
6 3 6 174 174 174 174 
57 175 54 175 6 3 6 
54 175 6 3 6 174 174 
175 6 3 6 174 174 174 
175 54 175 6 3 6 174 
175 174 174 174 57 175 54 
174 57 175 54 175 6 3 
174 174 57 175 54 175 6 
174 174 174 57 175 54 175 
265 265 265 265 265 168 265 
3 168 168 3 3 168 168 
168 168 3 3 168 168 3 
3 168 3 3 3 3 3 
265 168 3 3 265 168 265 
265 168 3 265 168 3 265 
265 168 265 168 265 168 265 
265 168 265 3 265 168 265 
265 265 265 265 168 265 168 
3 168 3 168 3 3 168 
265 168 265 168 265 265 168 
168 3 3 265 168 265 168 
168 146 168 168 168 168 168 
168 265 168 265 168 265 168 
54 174 174 174 174 174 174 
3 3 168 3 3 168 3 
265 265 265 168 265 168 265 
265 265 168 265 168 265 265 
168 3 168 3 168 3 168 
168 168 168 168 3 3 168 
168 168 168 146 168 168 168 
168 168 146 168 168 168 168 
91 5 197 192 192 6 54 
5 197 192 192 6 54 54 
3 168 3 3 168 3 168 
3 168 3 168 3 168 3 
3 168 168 168 168 168 168 
197 192 192 6 54 54 54 
168 3 3 168 3 3 168 
168 168 168 168 168 168 3 
6 54 54 54 54 174 174 
54 54 54 54 174 174 174 
54 54 54 174 174 174 174 
54 54 174 174 174 174 174 
3 168 168 3 3 3 168 
265 265 265 265 168 265 265 
265 265 265 168 265 265 265 
265 265 168 265 265 265 168 
265 168 3 3 265 265 168 
192 6 54 54 54 54 174 
192 192 6 54 54 54 54 
146 168 168 168 168 168 168 
3 168 168 3 3 168 3 
168 168 168 168 168 3 3 
168 168 168 168 168 168 146 
3 265 168 265 3 265 168 
3 168 3 3 3 168 168 
3 168 168 168 3 3 168 
265 265 168 265 168 168 265 
265 168 3 265 168 3 3 
265 168 3 265 168 168 265 
265 168 265 265 265 168 265 
265 168 265 265 168 168 265 
168 3 168 3 3 3 168 
168 265 168 265 265 168 168 
168 168 3 3 3 168 168 
168 168 168 3 3 3 168 
168 168 168 3 3 168 168 
168 168 168 168 3 168 168 
3 3 265 168 265 168 265 
3 3 168 168 168 168 168 
3 265 168 3 265 265 168 
3 168 168 168 3 3 3 
265 3 3 265 168 265 168 
265 265 265 168 3 265 168 
168 3 168 3 168 168 3 
168 3 168 168 3 3 3 
168 3 168 168 3 3 168 
168 3 168 168 168 3 168 
168 265 168 265 265 168 265 
168 168 3 168 3 3 168 
168 168 168 3 168 3 3 
168 168 168 3 168 168 168 
3 168 3 168 168 3 3 
3 168 3 168 168 3 168 
3 168 3 168 168 168 168 
3 168 168 3 168 168 168 
3 168 168 168 3 168 168 
3 168 168 168 168 3 168 
265 265 265 168 265 168 168 
265 265 168 3 265 168 265 
265 265 168 265 265 168 168 
265 168 3 265 265 168 265 
265 168 265 265 265 168 168 
265 168 265 265 168 265 168 
265 168 265 168 168 265 168 
168 3 3 3 168 168 168 
168 3 3 168 168 168 168 
168 3 265 265 168 3 265 
168 3 168 3 3 168 168 
168 3 168 168 3 168 3 
168 168 3 168 168 168 3 
168 168 168 168 3 168 3 
168 168 168 168 168 3 168 
5 5 5 5 5 3 5 
3 3 168 168 3 3 3 
3 265 265 168 3 265 168 
3 265 265 168 265 265 168 
3 265 168 265 168 265 168 
3 168 3 168 3 168 168 
265 3 3 265 168 168 265 
265 265 265 168 265 168 3 
265 265 168 265 3 265 168 
265 265 168 265 168 3 3 
265 168 265 3 265 168 3 
265 168 265 168 3 265 265 
265 168 265 168 265 3 3 
265 168 168 168 265 265 168 
168 3 3 3 3 168 168 
168 3 3 168 3 168 168 
168 3 265 168 3 265 265 
168 3 265 168 265 3 168 
168 3 168 3 3 168 3 
168 3 168 3 168 168 168 
168 3 168 168 168 3 3 
168 3 168 168 168 168 168 
168 265 265 168 265 168 168 
168 265 265 168 168 265 168 
168 265 168 265 265 265 168 
168 168 3 3 168 3 168 
168 168 3 168 3 3 3 
168 168 3 168 3 168 3 
168 168 168 3 168 168 3 
168 146 168 3 168 168 168 
3 3 3 265 168 168 168 
3 3 3 168 168 168 168 
3 3 265 168 3 168 265 
3 3 265 168 265 3 265 
3 3 265 168 265 265 168 
3 265 3 265 168 265 168 
3 265 265 168 265 168 168 
3 265 168 3 265 265 265 
3 265 168 265 265 168 265 
3 168 3 3 168 168 168 
3 168 3 168 168 168 3 
3 168 265 3 265 168 265 
3 168 168 3 168 3 168 
265 3 265 168 265 3 265 
265 265 265 168 168 168 265 
265 265 168 3 265 168 3 
265 265 168 3 265 168 168 
265 265 168 265 3 168 265 
265 265 168 265 168 265 168 
265 168 3 3 265 168 168 
265 168 3 265 265 3 168 
265 168 3 265 168 168 3 
265 168 3 265 168 168 168 
265 168 265 3 3 265 168 
265 168 265 265 168 265 3 
265 168 265 168 265 265 265 
265 168 265 168 265 168 3 
265 168 265 168 168 168 265 
265 168 168 265 3 265 168 
265 168 168 265 168 168 265 
168 3 265 265 168 265 3 
168 3 265 168 265 3 265 
168 3 265 168 168 168 265 
168 3 168 168 3 168 168 
168 3 168 168 168 168 3 
168 265 3 3 265 168 265 
168 265 3 3 168 168 265 
168 265 3 265 3 168 265 
168 265 3 265 168 3 265 
168 265 3 265 168 168 265 
168 265 265 265 168 265 265 
168 265 265 265 168 265 168 
168 265 265 265 168 168 265 
168 265 265 265 168 168 168 
168 265 168 265 3 3 265 
168 265 168 265 168 265 3 
168 265 168 168 265 168 265 
168 265 168 168 168 265 265 
168 168 3 168 3 168 168 
168 168 3 168 168 3 3 
168 168 3 168 168 3 168 
168 168 3 168 168 168 168 
168 168 265 3 265 168 265 
168 168 265 3 265 168 168 
168 168 265 168 265 265 168 
168 168 265 168 168 168 265 
168 168 168 168 3 3 3 
102 265 168 265 168 265 168 
