168 168 168 168 168 
168 265 168 168 168 
168 168 168 168 265 
265 168 168 168 168 
168 168 265 168 168 
168 168 168 265 168 
168 3 168 168 168 
3 168 168 168 168 
168 168 168 3 168 
168 168 168 168 3 
265 168 265 168 168 
168 265 168 168 265 
168 265 168 265 168 
174 174 174 174 174 
265 168 168 265 168 
168 168 3 168 168 
168 168 168 265 265 
168 168 265 168 265 
265 265 168 168 168 
265 168 168 168 265 
168 168 265 265 168 
168 265 265 168 168 
265 168 3 168 168 
168 3 168 265 168 
168 265 168 3 168 
265 168 168 3 168 
168 168 3 168 265 
168 168 168 265 3 
265 168 265 168 265 
168 168 3 168 3 
3 168 265 168 168 
168 168 265 3 168 
168 3 168 3 168 
265 265 168 265 168 
168 265 168 265 265 
3 168 168 265 168 
168 3 265 168 168 
168 3 168 168 265 
168 265 3 168 168 
168 168 3 265 168 
168 168 265 168 3 
265 168 265 265 168 
168 265 265 168 265 
265 265 265 168 168 
3 265 168 168 168 
168 265 265 265 168 
3 168 168 3 168 
265 265 168 168 265 
168 168 265 265 265 
168 168 3 3 168 
3 3 168 168 168 
3 168 3 168 168 
3 168 168 168 3 
265 168 168 265 265 
168 3 3 168 168 
3 168 265 168 265 
168 3 168 168 3 
168 168 168 3 3 
265 3 168 265 168 
168 265 3 168 265 
3 168 265 265 168 
168 265 168 265 3 
168 265 3 265 168 
168 265 265 168 3 
265 168 3 168 265 
265 3 265 168 168 
265 265 265 168 265 
265 168 265 3 168 
265 3 168 168 265 
265 168 168 3 265 
168 168 265 3 265 
3 265 168 265 168 
265 168 265 265 265 
6 33 5 3 197 
5 3 197 192 192 
33 5 3 197 192 
265 265 265 265 168 
192 6 33 5 3 
168 3 265 168 265 
168 265 265 265 265 
3 265 168 168 265 
265 265 168 3 168 
265 265 168 168 3 
265 168 168 265 3 
175 175 175 175 175 
168 3 168 3 265 
168 3 168 265 265 
168 168 265 265 3 
3 168 3 265 168 
3 168 3 168 265 
265 265 3 168 168 
3 265 265 168 168 
265 265 168 265 265 
168 3 265 168 3 
3 168 168 265 265 
265 168 265 168 3 
192 192 6 33 5 
3 3 168 265 168 
3 265 168 168 3 
168 3 168 265 3 
168 168 3 265 265 
168 265 3 3 168 
142 142 142 142 142 
3 265 168 3 168 
3 168 3 168 3 
265 168 3 265 168 
168 3 265 265 168 
168 168 265 3 3 
3 3 168 168 3 
265 168 168 3 3 
168 265 3 168 3 
125 125 125 125 125 
3 3 3 168 168 
3 265 3 168 168 
265 3 3 168 265 
265 168 265 265 3 
168 265 168 3 3 
3 3 265 168 168 
265 3 265 168 265 
265 3 168 168 3 
168 168 168 102 168 
3 265 168 265 265 
3 168 168 265 3 
265 3 168 265 265 
265 265 265 265 265 
168 3 3 265 168 
168 168 168 168 102 
3 168 168 3 3 
265 168 3 168 3 
168 3 3 3 168 
168 265 168 3 265 
168 168 3 3 265 
3 3 168 168 265 
3 265 265 265 168 
3 197 192 192 6 
3 168 3 3 168 
3 168 265 3 265 
265 3 3 168 168 
265 3 265 3 168 
168 3 3 168 3 
168 3 265 265 265 
168 265 3 3 265 
168 168 3 3 3 
102 168 168 168 168 
3 265 3 265 168 
265 265 3 168 265 
168 3 265 3 168 
168 3 168 3 3 
168 265 265 3 265 
168 168 102 168 168 
168 102 168 168 168 
265 265 3 265 168 
168 3 265 3 265 
168 265 3 265 3 
168 265 265 3 3 
3 3 3 3 3 
3 3 168 3 168 
3 168 168 3 265 
265 3 168 265 3 
265 168 265 3 265 
3 265 3 168 265 
3 265 265 3 168 
3 265 168 3 265 
3 197 192 192 192 
265 265 3 3 168 
265 265 168 3 3 
265 168 3 3 3 
197 192 192 6 33 
197 192 192 192 6 
192 192 192 6 33 
168 146 168 168 168 
3 3 3 3 168 
3 3 265 3 168 
3 3 265 168 265 
3 168 3 265 265 
265 265 168 265 3 
265 168 265 3 3 
265 168 146 168 168 
3 3 3 168 265 
3 265 168 265 3 
265 3 3 265 265 
265 3 3 168 3 
265 265 3 168 3 
265 265 265 168 3 
168 3 265 265 3 
168 265 168 146 168 
168 168 146 168 168 
3 3 3 265 168 
3 3 168 3 265 
265 3 3 3 3 
265 3 265 265 3 
265 265 168 3 265 
168 3 3 3 265 
168 3 3 265 3 
168 168 168 146 168 
168 146 168 168 265 
3 3 265 265 265 
3 265 265 3 265 
3 265 168 3 3 
265 3 3 265 168 
265 3 265 3 265 
265 3 265 265 265 
265 265 3 265 3 
265 265 265 3 168 
265 168 3 265 3 
265 168 3 265 265 
265 168 168 146 168 
168 3 3 3 3 
168 265 168 168 146 
168 168 265 102 168 
168 146 168 265 168 
3 3 265 3 3 
3 3 265 265 168 
3 265 3 3 168 
265 3 265 168 3 
265 265 3 3 3 
265 265 3 3 265 
265 265 265 3 265 
168 265 3 3 3 
3 3 3 265 3 
3 3 3 265 265 
3 3 265 265 3 
3 3 168 3 3 
3 265 3 3 265 
3 265 3 168 3 
3 265 265 168 265 
3 168 3 3 265 
265 3 168 3 3 
168 3 265 3 3 
168 168 168 265 102 
168 168 168 168 146 
146 168 265 168 168 
3 3 265 3 265 
3 265 265 168 3 
3 168 3 3 3 
265 3 3 265 3 
265 168 3 3 265 
168 265 102 168 168 
168 168 102 168 265 
146 168 168 168 168 
142 142 142 142 3 
5 5 5 5 5 
3 3 3 3 265 
3 3 265 168 3 
3 265 265 3 3 
3 265 265 265 265 
3 168 168 168 146 
3 146 168 168 168 
265 265 3 265 265 
265 168 146 168 265 
265 102 168 265 168 
265 102 168 168 168 
168 3 3 265 265 
168 168 146 3 168 
168 168 146 168 265 
146 168 168 168 3 
3 3 3 168 3 
3 142 3 3 142 
265 3 3 3 168 
265 168 265 146 168 
265 168 168 102 168 
168 265 146 168 3 
168 168 168 102 265 
168 168 102 265 168 
168 102 168 168 265 
146 265 168 265 168 
91 258 311 240 240 
6 3 6 174 174 
6 192 192 243 125 
6 174 174 174 174 
57 175 54 175 6 
54 175 6 3 6 
5 197 192 6 33 
5 197 192 3 3 
45 5 197 192 3 
45 45 5 197 192 
45 33 192 33 5 
33 5 197 192 6 
33 192 33 5 197 
311 240 240 174 174 
3 6 174 174 174 
3 3 6 91 5 
3 168 168 146 168 
3 142 142 3 142 
268 45 45 5 197 
265 168 168 168 102 
258 311 240 240 174 
243 125 125 125 125 
240 240 174 174 175 
240 174 174 175 191 
197 192 6 33 5 
197 192 3 3 6 
197 192 192 6 192 
192 6 192 192 243 
192 33 5 197 192 
192 3 3 6 91 
192 243 125 125 125 
192 192 6 192 192 
192 192 243 125 125 
191 122 268 45 45 
175 6 3 6 174 
175 54 175 6 3 
175 191 122 268 45 
175 174 174 174 57 
174 57 175 54 175 
174 175 191 122 268 
174 174 57 175 54 
174 174 175 191 122 
174 174 174 57 175 
174 174 174 174 11 
174 174 174 11 45 
174 174 11 45 33 
174 11 45 33 192 
168 265 168 168 102 
168 265 102 168 265 
168 168 265 146 168 
168 168 146 168 146 
168 146 3 265 168 
168 146 3 168 168 
168 146 168 146 3 
168 102 168 265 168 
146 168 168 168 265 
146 168 168 168 146 
142 3 142 142 3 
125 91 258 311 240 
125 125 91 258 311 
125 125 125 91 258 
125 125 125 125 91 
122 268 45 45 5 
11 45 33 192 33 
102 265 265 168 168 
102 168 265 168 265 
102 168 168 265 168 
91 5 197 192 192 
6 91 5 197 192 
3 6 91 5 197 
3 3 142 3 3 
3 265 168 168 146 
3 168 146 168 168 
265 265 168 168 102 
265 168 265 168 146 
265 168 146 3 168 
265 102 265 265 168 
265 102 168 168 265 
168 3 168 146 168 
168 265 168 102 168 
168 168 168 265 146 
168 168 168 146 3 
168 168 146 168 3 
168 146 3 168 265 
168 146 265 168 265 
168 146 168 3 265 
168 102 265 168 265 
168 102 265 168 168 
146 3 168 265 168 
142 3 3 142 3 
142 142 3 3 3 
6 54 54 54 54 
54 54 54 54 174 
54 54 54 174 174 
54 54 174 174 174 
54 174 174 174 174 
5 5 6 5 5 
5 197 192 192 6 
3 3 168 146 168 
197 192 192 6 54 
192 6 54 54 54 
192 192 6 54 54 
168 265 3 146 168 
168 168 168 78 168 
168 102 265 265 168 
146 3 168 146 168 
146 168 3 3 168 
146 168 265 168 265 
146 168 265 168 146 
102 265 168 168 168 
91 3 5 3 5 
5 5 5 5 3 
5 5 5 3 5 
3 5 5 3 5 
3 3 3 146 168 
3 3 168 146 3 
3 146 168 168 3 
265 265 265 265 102 
265 265 265 168 102 
265 265 168 102 168 
265 168 265 168 102 
265 168 168 168 146 
265 168 146 265 168 
168 265 265 102 168 
168 168 3 146 168 
168 168 265 146 3 
168 146 168 3 3 
146 3 3 3 3 
168 168 168 168 168 
168 168 168 168 265 
168 168 168 265 168 
265 168 168 168 168 
168 265 168 168 168 
168 168 265 168 168 
3 3 3 3 3 
5 3 197 192 192 
3 168 168 168 168 
168 3 168 168 168 
168 168 3 168 168 
168 168 265 168 265 
265 265 168 168 168 
265 168 168 168 265 
168 168 168 3 168 
174 174 174 174 174 
168 168 168 168 3 
265 168 265 168 168 
168 168 168 265 265 
168 265 168 265 168 
168 265 168 168 265 
265 168 168 265 168 
168 168 265 265 168 
168 265 265 168 168 
192 6 33 5 3 
3 197 192 192 6 
6 33 5 3 197 
33 5 3 197 192 
168 168 168 265 3 
168 265 3 168 168 
3 168 265 168 168 
265 168 168 3 168 
3 265 168 168 168 
3 168 168 265 168 
168 265 3 265 168 
168 168 265 3 168 
197 192 192 192 6 
168 265 168 3 168 
3 197 192 192 192 
265 168 265 168 265 
168 168 265 3 265 
168 168 265 265 265 
265 168 3 168 168 
192 192 6 33 5 
168 3 168 168 265 
168 265 168 265 265 
265 265 265 168 168 
265 265 168 265 168 
265 168 265 265 168 
265 265 168 168 265 
168 168 265 168 3 
168 168 3 168 265 
168 3 168 3 168 
265 168 168 265 265 
168 168 3 265 168 
168 265 168 265 3 
168 3 265 168 168 
168 3 168 265 168 
3 168 3 168 168 
168 168 3 3 168 
168 265 265 265 265 
168 265 265 265 168 
5 197 192 3 3 
3 168 168 3 168 
192 3 3 6 91 
168 265 265 168 265 
168 168 168 3 3 
265 3 265 168 168 
197 192 3 3 6 
168 3 168 168 3 
168 168 3 168 3 
265 265 265 265 168 
265 168 265 3 168 
3 3 168 168 168 
265 168 265 3 265 
168 3 3 168 168 
3 265 265 168 168 
265 3 168 265 168 
265 3 168 168 265 
197 192 6 33 5 
5 197 192 6 33 
265 265 265 168 265 
168 265 3 168 265 
3 168 3 168 265 
3 168 168 168 3 
168 3 168 265 3 
3 265 168 265 168 
3 168 265 168 265 
168 265 265 168 3 
265 168 168 265 3 
197 192 192 6 33 
265 3 265 168 265 
265 265 3 168 168 
265 168 3 265 168 
265 168 3 168 265 
265 168 265 265 265 
3 3 168 265 168 
3 168 168 265 3 
168 3 265 265 168 
168 3 265 168 265 
168 265 3 265 3 
168 168 265 265 3 
125 125 125 125 125 
265 168 265 168 3 
265 168 168 3 265 
3 265 168 168 265 
265 265 168 265 265 
265 168 168 3 3 
192 192 192 6 33 
168 265 3 3 168 
3 265 3 168 168 
3 265 265 168 265 
3 168 265 3 265 
3 168 265 265 168 
3 3 168 3 168 
3 265 168 265 3 
3 265 168 168 3 
265 265 168 3 168 
265 265 168 265 3 
168 3 168 265 265 
265 265 168 3 265 
168 3 265 168 3 
168 265 168 3 265 
168 168 3 3 265 
265 3 168 168 3 
168 3 3 265 168 
168 265 3 168 3 
142 142 142 142 142 
3 3 265 168 168 
3 265 168 265 265 
168 265 168 3 3 
168 168 3 265 265 
168 168 265 3 3 
3 265 168 3 168 
3 168 168 265 265 
265 3 3 168 168 
265 3 265 3 265 
265 3 168 265 265 
3 168 168 3 265 
265 265 3 168 265 
265 265 265 265 265 
265 265 168 168 3 
265 168 3 265 265 
265 168 265 3 3 
168 168 3 3 3 
168 168 102 168 168 
3 3 265 265 168 
3 3 265 168 265 
3 168 3 168 3 
3 168 168 3 3 
265 3 265 168 3 
168 3 3 3 168 
168 3 3 168 3 
168 168 168 168 102 
168 168 168 102 168 
3 3 168 168 265 
3 265 3 265 168 
3 265 3 168 265 
3 168 3 265 168 
265 3 265 3 168 
265 168 3 168 3 
168 265 3 3 3 
3 3 3 168 265 
265 3 3 168 3 
265 3 265 265 265 
265 265 3 265 168 
3 3 6 91 5 
3 3 265 3 168 
168 3 265 3 168 
3 3 168 168 3 
3 265 265 265 168 
3 265 168 3 265 
265 3 3 265 265 
265 265 3 3 265 
168 3 168 3 3 
168 265 3 3 265 
168 102 168 168 168 
5 5 5 5 5 
3 3 3 3 168 
3 3 3 265 3 
3 3 3 168 168 
3 3 265 3 265 
3 265 265 265 265 
3 265 168 3 3 
3 168 3 3 168 
265 3 3 168 265 
265 265 3 3 168 
265 265 265 3 168 
265 168 265 265 3 
168 3 3 265 265 
168 265 265 3 3 
168 265 265 3 265 
168 146 168 168 168 
102 168 168 168 168 
3 265 265 168 3 
3 168 3 3 265 
265 3 3 3 3 
265 3 168 265 3 
168 168 168 146 168 
3 3 265 265 265 
3 3 168 3 265 
3 168 168 146 168 
265 3 3 3 168 
265 3 3 265 3 
168 3 3 3 265 
168 3 168 3 265 
168 265 168 146 168 
168 168 146 168 168 
3 3 3 265 265 
3 265 3 3 168 
265 265 168 3 3 
265 168 3 3 3 
265 168 3 3 265 
168 3 3 265 3 
168 3 265 3 265 
168 168 168 265 146 
3 3 3 3 265 
3 3 3 265 168 
3 3 3 168 3 
3 265 3 168 3 
3 265 265 3 168 
265 265 265 168 3 
265 168 3 265 3 
265 168 146 168 168 
258 311 240 240 174 
168 3 3 3 3 
168 3 265 265 265 
168 168 168 168 146 
168 168 146 168 3 
168 102 168 168 265 
146 168 168 168 265 
5 5 5 5 3 
33 5 197 192 6 
311 240 240 174 174 
3 3 168 3 3 
265 3 3 265 168 
265 3 168 3 3 
265 265 3 265 3 
265 265 3 265 265 
265 265 265 3 265 
168 168 168 265 102 
168 146 168 265 168 
168 146 168 168 265 
146 168 168 168 168 
102 168 168 265 168 
6 91 5 197 192 
5 5 5 3 5 
3 6 91 5 197 
3 3 265 265 3 
3 265 3 3 265 
3 265 265 3 265 
265 3 265 265 3 
265 265 3 168 3 
265 168 168 168 102 
265 168 168 102 168 
265 102 168 168 168 
168 3 265 265 3 
168 168 265 146 168 
168 146 168 3 3 
146 168 265 168 168 
146 168 168 168 3 
142 3 3 142 3 
142 142 3 3 3 
6 3 6 174 174 
6 174 174 174 174 
57 175 54 175 6 
54 175 6 3 6 
45 33 192 33 5 
33 192 33 5 197 
3 6 174 174 174 
3 5 3 5 3 
3 3 265 3 3 
3 3 265 168 3 
3 265 265 3 3 
265 168 146 168 265 
240 240 174 174 175 
240 174 174 175 191 
197 192 192 6 192 
192 6 192 192 243 
192 33 5 197 192 
192 192 6 192 192 
175 6 3 6 174 
175 54 175 6 3 
175 174 174 174 57 
174 57 175 54 175 
174 174 57 175 54 
174 174 175 191 122 
174 174 174 57 175 
174 174 174 174 11 
174 174 174 11 45 
174 174 11 45 33 
174 11 45 33 192 
168 3 265 3 3 
168 265 168 168 102 
168 265 168 102 168 
168 168 265 102 168 
168 168 168 102 265 
168 168 146 168 265 
168 168 102 168 265 
146 168 3 168 168 
142 3 142 3 142 
142 3 142 142 3 
11 45 33 192 33 
102 265 265 168 168 
91 258 311 240 240 
6 192 192 243 125 
5 5 3 5 3 
5 197 192 192 6 
3 5 3 5 5 
3 3 168 146 3 
3 3 142 3 3 
3 168 3 3 3 
3 168 168 168 146 
3 168 146 3 3 
3 168 146 168 168 
3 142 3 3 142 
265 168 265 168 146 
265 168 168 168 146 
265 168 168 146 168 
243 125 125 125 125 
192 243 125 125 125 
192 192 243 125 125 
168 265 265 102 168 
168 265 102 168 168 
168 168 146 3 168 
168 146 168 3 168 
168 102 168 265 168 
146 265 168 265 168 
125 91 258 311 240 
125 125 91 258 311 
125 125 125 91 258 
125 125 125 125 91 
102 265 168 168 265 
5 5 5 91 5 
3 5 5 3 5 
3 168 3 265 265 
3 142 142 3 142 
265 265 3 3 3 
265 265 168 102 168 
265 168 102 168 265 
265 102 265 265 168 
265 102 265 168 168 
168 265 168 168 146 
168 265 102 168 265 
168 168 265 146 3 
168 168 168 146 3 
168 168 146 168 146 
168 168 102 265 168 
168 146 3 168 265 
168 146 3 168 168 
168 146 265 168 265 
168 146 168 168 146 
168 146 168 146 3 
146 168 3 3 168 
146 168 168 3 168 
146 168 168 168 146 
142 142 3 3 142 
142 142 142 142 3 
102 265 168 265 168 
91 5 5 5 5 
91 5 197 192 192 
91 3 5 3 5 
6 54 54 54 54 
54 54 54 54 174 
54 54 54 174 174 
54 54 174 174 174 
54 174 174 174 174 
5 3 5 5 3 
45 5 197 192 3 
45 45 5 197 192 
3 3 168 146 168 
3 265 168 168 146 
3 146 168 168 3 
3 146 168 168 168 
268 45 45 5 197 
265 3 146 265 168 
265 265 265 265 102 
265 168 265 168 102 
265 168 146 3 168 
265 168 146 265 168 
197 192 192 6 54 
192 6 54 54 54 
192 192 6 54 54 
191 122 268 45 45 
175 191 122 268 45 
174 175 191 122 268 
168 3 168 146 168 
168 3 146 168 146 
168 265 265 102 265 
168 168 3 146 168 
168 168 168 78 168 
168 146 3 265 168 
168 146 168 3 265 
168 146 168 146 168 
168 102 265 265 168 
168 102 265 168 265 
168 102 265 168 168 
146 3 168 265 168 
146 265 265 168 168 
122 268 45 45 5 
91 5 5 5 91 
168 265 3 265 168 
265 168 265 3 265 
265 3 265 168 265 
3 265 168 265 3 
265 265 265 265 168 
168 265 265 265 265 
168 168 265 3 265 
265 265 265 168 265 
265 265 168 265 265 
265 168 265 265 265 
3 3 3 3 3 
265 3 265 168 168 
265 168 168 265 3 
3 265 168 168 265 
265 168 168 168 265 
265 265 265 168 168 
265 265 168 168 265 
168 168 265 265 265 
168 168 168 168 168 
265 168 265 168 265 
168 168 168 168 265 
3 168 265 3 265 
168 168 168 265 265 
265 265 168 168 168 
168 265 3 265 3 
265 168 168 265 265 
265 168 168 168 168 
265 265 265 265 265 
174 174 174 174 174 
168 168 168 265 3 
168 265 168 265 3 
168 168 265 168 265 
168 168 168 265 168 
265 265 168 265 3 
265 3 168 265 3 
168 265 168 168 265 
265 265 168 265 168 
168 265 168 168 168 
168 168 265 168 168 
3 265 168 168 168 
3 265 265 168 265 
125 125 125 125 125 
168 265 265 168 265 
168 265 168 265 265 
265 265 3 168 168 
265 168 265 168 168 
5 3 197 192 192 
265 168 168 265 168 
265 3 265 3 168 
168 265 168 265 168 
265 168 265 265 168 
3 265 168 265 168 
168 265 3 168 265 
168 265 265 168 168 
168 168 265 265 168 
3 265 3 168 265 
168 265 265 265 168 
192 6 33 5 3 
6 33 5 3 197 
33 5 3 197 192 
3 197 192 192 6 
265 3 265 3 265 
265 3 168 168 265 
265 168 265 3 168 
3 168 168 265 3 
3 265 265 168 168 
3 168 168 146 168 
265 3 265 168 3 
265 3 265 265 265 
265 168 3 168 265 
168 265 3 168 168 
168 168 265 3 168 
168 168 265 265 3 
192 192 6 33 5 
168 265 265 102 265 
265 265 3 168 265 
3 265 168 265 265 
168 3 168 168 265 
168 168 168 3 168 
3 265 168 3 168 
3 168 265 168 265 
265 3 265 265 3 
265 168 265 265 3 
3 265 3 265 168 
265 3 168 265 168 
168 3 168 265 3 
168 168 3 168 168 
168 168 3 168 265 
168 3 168 168 168 
265 102 265 265 168 
197 192 3 3 6 
3 6 91 5 197 
3 168 265 168 168 
168 3 3 3 168 
6 91 5 197 192 
3 265 3 168 168 
265 168 3 168 168 
265 168 168 3 168 
192 3 3 6 91 
5 197 192 3 3 
3 168 168 168 168 
168 3 265 168 168 
168 3 168 265 168 
3 265 265 265 168 
168 168 3 265 168 
168 146 168 3 3 
265 168 265 265 102 
3 168 168 265 168 
168 3 265 168 265 
3 197 192 192 192 
197 192 192 6 33 
168 265 168 3 168 
168 168 146 168 3 
3 265 168 168 3 
265 265 3 265 168 
197 192 6 33 5 
197 192 192 192 6 
3 3 265 168 265 
3 3 168 168 168 
5 197 192 6 33 
3 168 168 265 265 
265 168 3 265 168 
265 265 265 3 168 
265 168 265 168 3 
168 168 265 168 3 
168 168 168 168 3 
3 3 265 168 168 
3 265 265 3 168 
168 265 168 3 265 
102 265 265 168 265 
265 168 168 3 265 
3 265 265 3 265 
3 168 265 265 168 
192 192 192 6 33 
265 265 168 3 168 
3 3 168 146 3 
3 265 265 265 265 
3 168 168 168 3 
265 3 3 168 265 
265 3 168 265 265 
168 168 3 3 168 
3 3 168 168 265 
265 168 3 265 265 
168 265 3 3 168 
168 168 265 3 3 
3 265 265 168 3 
175 175 175 175 175 
168 3 3 168 168 
168 3 265 265 168 
168 3 168 168 3 
3 168 3 168 168 
168 168 3 168 3 
3 265 168 3 265 
168 3 168 3 168 
168 265 265 3 265 
168 265 265 168 3 
168 168 146 168 265 
3 168 146 3 3 
265 3 3 168 168 
265 168 3 3 265 
265 168 265 3 3 
168 3 3 265 168 
125 125 125 125 91 
3 3 6 91 5 
3 265 3 3 168 
265 265 168 3 265 
168 3 168 265 265 
168 168 168 3 3 
168 168 146 168 168 
102 265 265 168 168 
3 168 168 3 3 
168 168 3 3 3 
3 168 168 3 265 
265 3 3 265 168 
265 168 168 3 3 
168 265 3 3 265 
168 146 168 168 168 
91 258 311 240 240 
5 5 5 5 5 
3 3 3 265 168 
3 3 168 265 168 
3 265 265 3 3 
265 3 3 3 3 
265 265 3 3 3 
258 311 240 240 174 
168 265 168 3 3 
125 91 258 311 240 
125 125 91 258 311 
311 240 240 174 174 
3 3 3 168 265 
3 3 3 168 168 
3 265 168 3 3 
3 168 3 168 265 
3 168 168 3 168 
265 3 168 168 3 
240 240 174 174 175 
168 3 265 168 3 
168 3 168 3 265 
168 168 3 265 265 
125 125 125 91 258 
3 168 3 265 168 
240 174 174 175 191 
174 175 191 122 268 
174 174 175 191 122 
168 3 3 3 265 
168 3 265 265 265 
168 168 3 3 265 
3 3 265 265 168 
3 3 168 3 168 
265 3 3 3 168 
265 265 3 265 265 
265 265 265 3 265 
265 265 168 3 3 
243 125 125 125 125 
168 265 3 168 3 
3 3 3 3 168 
3 3 265 3 168 
265 265 3 3 265 
265 265 3 265 3 
265 265 265 168 3 
265 265 168 168 3 
265 168 3 168 3 
192 243 125 125 125 
192 192 243 125 125 
45 45 5 197 192 
45 33 192 33 5 
33 5 197 192 6 
33 192 33 5 197 
3 3 168 3 3 
3 168 3 3 168 
265 265 3 168 3 
192 33 5 197 192 
175 191 122 268 45 
168 3 3 3 3 
168 3 3 265 265 
168 3 265 3 168 
168 3 168 3 3 
168 265 3 3 3 
168 146 168 265 168 
146 168 168 168 168 
11 45 33 192 33 
6 192 192 243 125 
45 5 197 192 3 
3 168 3 3 3 
3 168 3 265 265 
268 45 45 5 197 
265 3 3 265 3 
265 265 265 265 102 
191 122 268 45 45 
168 265 265 102 168 
146 168 265 168 168 
122 268 45 45 5 
3 3 3 3 265 
3 3 3 265 265 
3 265 3 3 265 
3 168 3 168 3 
265 265 3 3 168 
265 265 265 168 102 
265 168 3 265 3 
192 6 192 192 243 
168 3 3 168 3 
168 3 265 3 265 
168 3 265 265 3 
3 3 265 3 265 
3 3 265 265 265 
3 3 168 146 168 
265 3 3 168 3 
265 168 3 3 3 
192 192 6 192 192 
142 142 142 142 3 
3 3 3 168 3 
3 3 168 168 3 
3 265 3 168 3 
265 265 168 168 102 
265 168 168 102 168 
168 3 3 265 3 
168 265 265 3 3 
168 146 3 168 265 
168 146 168 168 265 
146 168 168 168 265 
6 3 6 174 174 
6 174 174 174 174 
57 175 54 175 6 
54 175 6 3 6 
5 5 5 5 3 
3 6 174 174 174 
3 3 3 265 3 
3 3 265 265 3 
3 168 3 3 265 
3 168 146 168 168 
265 3 168 3 3 
265 265 168 102 168 
197 192 192 6 192 
175 6 3 6 174 
175 54 175 6 3 
175 174 174 174 57 
174 57 175 54 175 
174 174 57 175 54 
174 174 174 57 175 
174 174 174 174 11 
174 174 174 11 45 
174 174 11 45 33 
174 11 45 33 192 
168 168 168 146 168 
168 168 146 168 146 
168 168 102 168 168 
168 102 168 168 265 
142 3 3 142 3 
142 3 142 142 3 
142 142 142 142 142 
102 168 265 168 265 
91 5 197 192 192 
5 197 192 192 6 
3 146 168 168 168 
265 3 3 265 265 
265 168 146 168 265 
265 102 265 168 168 
265 102 168 168 265 
168 265 168 146 168 
168 265 102 168 168 
168 168 146 3 168 
168 168 102 265 168 
168 168 102 168 265 
168 146 168 146 168 
168 102 265 168 265 
168 102 168 168 168 
146 168 3 3 168 
146 168 3 168 168 
146 168 265 168 265 
142 3 142 3 142 
6 54 54 54 54 
54 54 54 54 174 
54 54 54 174 174 
54 54 174 174 174 
54 174 174 174 174 
5 5 3 3 3 
3 3 265 3 3 
3 3 265 168 3 
3 265 168 168 146 
3 142 3 3 142 
3 142 142 3 142 
3 142 142 142 3 
265 168 168 168 146 
265 168 168 146 168 
197 192 192 6 54 
192 6 54 54 54 
192 192 6 54 54 
168 265 168 168 146 
168 265 168 168 102 
168 168 3 146 168 
168 168 168 168 146 
168 168 168 168 102 
168 168 168 102 265 
168 168 168 102 168 
168 146 3 168 168 
168 146 265 168 265 
168 146 168 3 168 
168 102 168 265 168 
102 265 168 168 265 
5 5 5 3 5 
3 3 168 3 265 
3 3 142 3 3 
3 168 168 168 146 
265 168 265 168 146 
265 168 168 168 102 
265 168 146 265 168 
265 168 102 168 265 
265 102 168 265 168 
265 102 168 168 168 
168 3 168 146 168 
168 146 168 3 265 
168 146 168 168 146 
168 102 265 265 168 
168 102 265 168 168 
146 168 168 168 3 
142 142 3 3 3 
102 265 168 168 168 
102 168 168 265 168 
102 168 168 168 168 
91 5 5 5 91 
91 5 5 5 5 
91 3 5 3 5 
5 5 6 5 5 
5 5 5 91 5 
5 3 5 5 3 
3 5 5 3 5 
3 5 3 5 3 
265 168 265 146 168 
168 3 3 146 168 
168 265 3 146 168 
168 168 265 146 3 
168 168 265 146 168 
168 168 265 102 168 
168 168 168 265 146 
168 168 168 265 102 
168 168 168 146 3 
168 146 168 146 3 
146 265 265 168 168 
146 265 168 265 168 
146 168 168 168 146 
168 168 168 168 168 
168 168 168 168 265 
265 168 168 168 168 
168 168 265 168 168 
168 265 168 168 168 
168 168 168 265 168 
168 168 265 168 265 
265 265 265 265 265 
265 168 168 265 168 
168 265 168 265 168 
168 265 168 168 265 
168 168 168 265 265 
265 168 265 168 168 
265 265 168 168 168 
265 168 265 168 265 
265 168 168 168 265 
168 265 168 265 265 
168 265 265 168 168 
265 265 265 265 168 
168 168 265 265 168 
265 168 265 265 168 
168 265 265 168 265 
265 265 265 168 168 
168 265 265 265 265 
265 265 168 265 168 
174 174 174 174 174 
168 168 265 265 265 
265 168 265 265 265 
265 265 265 168 265 
265 265 168 265 265 
265 168 168 265 265 
265 265 168 168 265 
168 265 265 265 168 
168 265 3 265 168 
168 265 3 168 265 
265 168 265 3 168 
3 168 168 168 168 
3 168 168 265 168 
3 265 265 265 265 
168 265 3 168 168 
168 265 168 265 3 
168 168 3 168 168 
265 3 265 168 265 
168 3 168 168 168 
168 168 168 3 168 
265 168 168 3 168 
168 168 168 168 3 
265 168 265 3 265 
3 168 265 168 265 
168 168 3 168 265 
265 3 168 265 168 
3 3 3 3 3 
265 3 168 168 265 
168 3 168 265 168 
168 168 265 168 3 
168 265 168 3 168 
168 168 168 265 3 
265 168 3 168 168 
168 168 265 3 168 
265 3 265 168 168 
265 265 168 265 3 
3 265 168 265 168 
265 265 3 168 168 
265 3 168 265 265 
265 168 3 168 265 
168 3 168 168 3 
3 265 265 168 265 
3 265 168 168 265 
3 168 265 265 168 
3 168 265 168 168 
265 265 3 265 168 
168 3 265 168 168 
168 3 168 168 265 
3 265 168 168 168 
168 265 265 3 265 
265 168 265 265 3 
168 265 265 168 3 
168 168 265 3 265 
3 168 168 3 168 
265 265 3 168 265 
265 265 168 3 168 
168 3 265 265 168 
168 3 168 3 168 
168 168 265 265 3 
265 265 265 3 168 
265 168 265 168 3 
168 168 3 265 265 
265 265 3 265 265 
265 265 265 3 265 
168 168 3 168 3 
265 265 168 168 3 
168 265 168 3 265 
168 168 3 265 168 
3 168 3 168 168 
265 3 265 265 265 
168 3 265 265 265 
168 3 168 265 3 
3 265 168 3 168 
265 168 3 265 168 
265 168 168 3 265 
3 265 265 168 168 
265 168 168 265 3 
168 3 168 265 265 
3 265 168 265 265 
3 168 265 3 265 
265 168 3 265 265 
3 168 3 168 265 
265 265 265 168 3 
3 168 168 265 3 
265 265 168 3 265 
168 3 265 168 265 
3 3 168 168 168 
3 265 265 3 265 
3 168 168 265 265 
168 265 3 265 3 
265 3 168 265 3 
168 3 265 168 3 
168 3 168 3 3 
6 33 5 3 197 
5 3 197 192 192 
33 5 3 197 192 
3 265 168 265 3 
3 265 168 168 3 
265 265 3 265 3 
265 168 3 168 3 
192 6 33 5 3 
168 3 3 168 168 
168 265 3 168 3 
3 265 3 168 168 
3 265 168 3 265 
3 168 3 265 168 
265 3 168 168 3 
168 265 3 3 168 
168 168 3 3 168 
3 3 265 3 168 
3 265 3 265 168 
265 3 3 168 3 
265 3 265 3 265 
265 3 265 168 3 
265 265 3 168 3 
168 168 168 3 3 
3 3 168 3 3 
3 3 168 3 265 
3 168 3 3 168 
3 168 3 265 265 
265 168 168 3 3 
168 3 3 3 168 
168 3 3 168 3 
168 168 265 3 3 
3 265 3 168 265 
3 265 265 265 168 
265 3 3 168 265 
265 168 3 265 3 
168 3 265 3 265 
3 3 265 265 265 
3 168 168 3 265 
265 3 3 265 3 
265 3 265 3 168 
265 265 168 3 3 
168 168 3 3 3 
3 168 3 168 3 
3 168 168 168 3 
265 265 3 3 265 
192 192 6 33 5 
168 3 3 3 3 
168 3 3 265 168 
3 265 265 3 168 
265 168 3 3 265 
168 3 3 265 265 
168 3 265 265 3 
168 265 168 3 3 
3 3 3 168 168 
3 3 265 168 265 
3 168 168 3 3 
265 168 265 3 3 
168 265 3 3 3 
168 168 3 3 265 
3 3 265 265 168 
3 168 3 3 3 
3 168 3 3 265 
265 3 265 265 3 
265 265 3 3 168 
168 265 3 3 265 
3 3 265 265 3 
3 3 265 168 168 
3 3 168 3 168 
3 3 168 168 265 
3 265 265 168 3 
168 3 265 3 168 
3 3 168 168 3 
265 3 3 265 265 
168 3 3 265 3 
168 265 265 3 3 
125 125 125 125 125 
3 3 3 3 168 
3 3 3 168 3 
3 3 3 168 265 
3 3 168 265 168 
3 265 3 168 3 
265 3 3 265 168 
3 3 3 3 265 
3 3 265 3 265 
3 3 265 168 3 
265 168 3 3 3 
3 3 3 265 265 
3 3 3 265 168 
3 265 3 3 265 
265 3 3 3 168 
265 3 3 168 168 
265 3 168 3 3 
168 3 168 3 265 
3 197 192 192 6 
265 3 3 3 3 
3 265 3 3 168 
3 265 168 3 3 
265 265 3 3 3 
168 3 3 3 265 
3 3 3 265 3 
3 3 265 3 3 
3 265 265 3 3 
175 175 175 175 175 
168 3 265 3 3 
3 197 192 192 192 
197 192 192 6 33 
197 192 192 192 6 
192 192 192 6 33 
168 168 168 168 146 
168 168 146 168 168 
168 146 168 168 168 
146 168 168 168 168 
3 168 168 146 168 
168 168 168 168 102 
168 168 168 146 168 
146 168 265 168 168 
168 168 102 168 168 
168 168 168 102 168 
168 168 146 168 265 
168 146 168 265 168 
168 102 168 168 168 
142 142 142 142 142 
102 168 168 168 168 
265 168 265 168 146 
265 168 168 102 168 
168 265 168 168 102 
168 265 168 146 168 
142 3 142 3 142 
3 3 142 3 3 
265 168 168 168 146 
265 168 146 168 265 
265 102 265 168 168 
265 102 168 265 168 
168 265 265 102 265 
168 168 168 265 146 
168 168 146 3 168 
168 168 102 168 265 
142 142 3 3 3 
102 168 168 265 168 
5 197 192 6 33 
197 192 6 33 5 
168 265 265 102 168 
168 265 168 102 168 
168 168 168 265 102 
168 168 168 146 3 
168 146 3 168 168 
168 146 168 168 146 
168 102 168 265 168 
168 102 168 168 265 
146 168 3 168 168 
146 168 168 168 265 
146 168 168 146 168 
125 125 125 125 91 
91 258 311 240 240 
6 3 6 174 174 
6 192 192 243 125 
6 174 174 174 174 
57 175 54 175 6 
54 175 6 3 6 
5 5 5 5 3 
5 5 5 3 5 
45 33 192 33 5 
33 5 197 192 6 
33 192 33 5 197 
311 240 240 174 174 
3 6 174 174 174 
3 168 146 168 168 
265 265 168 168 102 
265 168 265 146 168 
265 168 146 168 168 
265 102 168 168 265 
265 102 168 168 168 
258 311 240 240 174 
243 125 125 125 125 
240 240 174 174 175 
240 174 174 175 191 
197 192 192 6 192 
192 6 192 192 243 
192 33 5 197 192 
192 243 125 125 125 
192 192 6 192 192 
192 192 243 125 125 
175 6 3 6 174 
175 54 175 6 3 
175 174 174 174 57 
174 57 175 54 175 
174 174 57 175 54 
174 174 175 191 122 
174 174 174 57 175 
174 174 174 174 11 
174 174 174 11 45 
174 174 11 45 33 
174 11 45 33 192 
168 265 168 168 146 
168 265 102 168 265 
168 168 265 102 168 
168 146 3 265 168 
168 146 168 168 265 
146 265 168 265 168 
125 91 258 311 240 
125 125 91 258 311 
125 125 125 91 258 
11 45 33 192 33 
102 265 168 265 168 
102 265 168 168 168 
5 197 192 3 3 
45 5 197 192 3 
45 45 5 197 192 
3 5 5 3 5 
3 3 6 91 5 
3 142 3 3 142 
268 45 45 5 197 
265 168 168 146 168 
265 102 265 265 168 
197 192 3 3 6 
192 3 3 6 91 
191 122 268 45 45 
175 191 122 268 45 
174 175 191 122 268 
168 168 3 146 168 
168 168 265 146 168 
168 168 146 168 3 
168 146 3 168 265 
168 146 265 168 265 
146 3 168 265 168 
146 168 168 168 3 
142 142 3 3 142 
142 142 142 142 3 
122 268 45 45 5 
91 5 197 192 192 
6 91 5 197 192 
6 54 54 54 54 
54 54 54 54 174 
54 54 54 174 174 
54 54 174 174 174 
54 174 174 174 174 
5 197 192 192 6 
3 6 91 5 197 
3 142 142 142 3 
265 265 265 265 102 
265 168 168 168 102 
265 168 146 3 168 
265 168 146 265 168 
265 168 102 168 265 
197 192 192 6 54 
192 6 54 54 54 
192 192 6 54 54 
168 265 3 146 168 
168 265 102 265 168 
168 265 102 168 168 
168 168 168 102 265 
168 168 146 168 146 
168 168 102 265 168 
168 146 168 3 3 
168 146 168 3 168 
168 102 265 168 265 
146 265 265 168 168 
146 168 265 168 265 
142 3 3 142 3 
102 265 265 168 265 
102 265 265 168 168 
102 265 168 168 265 
91 5 5 5 5 
91 3 5 3 5 
5 5 6 5 5 
5 5 5 91 5 
5 5 5 5 5 
5 5 3 5 3 
3 5 3 5 5 
3 3 168 146 168 
3 265 168 168 146 
3 168 168 265 146 
3 142 142 3 142 
265 265 265 168 102 
265 265 168 102 168 
265 168 265 168 102 
168 168 168 168 168 
3 3 3 3 3 
265 168 168 168 168 
168 168 168 168 265 
168 168 168 265 168 
168 265 168 168 168 
265 265 265 265 265 
168 265 168 265 168 
168 168 265 168 168 
168 168 265 265 168 
174 174 174 174 174 
265 265 168 168 168 
265 168 265 168 168 
168 265 265 168 168 
168 168 168 265 265 
168 168 265 168 265 
265 168 168 168 265 
265 168 265 168 265 
168 265 168 168 265 
265 265 265 168 265 
168 265 168 265 265 
265 265 168 265 265 
168 265 265 168 265 
265 168 265 265 168 
265 265 168 265 168 
265 168 168 265 168 
265 265 265 265 168 
265 168 265 265 265 
265 265 265 168 168 
168 265 265 265 168 
265 265 168 168 265 
265 168 168 265 265 
168 265 265 265 265 
168 168 265 265 265 
168 168 168 3 168 
168 265 168 3 168 
168 168 3 168 168 
265 265 168 3 168 
168 3 168 168 168 
168 168 3 168 265 
265 168 3 168 168 
3 168 265 168 265 
3 265 265 265 265 
265 265 265 3 265 
168 3 168 265 168 
168 3 168 168 265 
265 265 168 3 265 
265 168 265 168 3 
168 265 265 168 3 
3 265 168 265 168 
265 168 265 3 265 
265 265 3 265 265 
265 3 265 265 265 
168 3 168 265 265 
265 168 3 265 265 
265 168 168 265 3 
168 3 265 265 265 
168 3 265 265 168 
168 265 3 168 265 
168 265 265 3 265 
265 168 3 168 3 
168 168 265 3 265 
3 265 265 265 168 
3 265 265 168 265 
265 3 168 265 168 
265 265 168 265 3 
168 3 265 168 265 
265 168 265 265 3 
168 3 168 3 168 
168 265 3 265 168 
168 168 168 168 3 
265 3 265 168 265 
265 265 168 168 3 
168 265 168 3 265 
3 265 168 168 168 
265 265 3 265 168 
265 168 3 168 265 
3 265 265 168 168 
3 168 265 168 168 
3 168 168 265 265 
265 168 265 3 168 
168 265 168 265 3 
3 168 168 3 168 
168 168 3 265 168 
3 265 265 168 3 
3 168 168 265 168 
3 168 168 168 168 
168 168 265 168 3 
168 168 168 265 3 
265 3 265 168 168 
265 3 168 265 265 
265 168 168 3 265 
265 168 168 3 168 
168 3 168 168 3 
3 168 265 265 168 
168 168 265 3 168 
6 33 5 3 197 
5 3 197 192 192 
33 5 3 197 192 
192 6 33 5 3 
265 265 265 3 168 
265 265 265 168 3 
168 168 3 265 265 
3 265 168 265 265 
3 168 3 168 168 
168 265 3 168 168 
3 265 168 168 265 
3 168 3 168 265 
168 3 168 3 265 
168 168 265 265 3 
3 168 3 265 265 
3 3 265 168 168 
265 168 3 265 3 
168 265 265 3 3 
168 168 3 168 3 
3 3 265 265 265 
3 168 168 168 3 
192 192 6 33 5 
265 3 265 3 168 
3 265 3 168 265 
3 168 3 265 168 
265 265 3 3 168 
265 265 3 265 3 
168 3 3 265 168 
168 3 265 168 168 
3 265 168 3 168 
3 265 168 265 3 
265 3 168 168 265 
265 265 3 168 265 
3 3 168 168 265 
3 168 265 3 265 
265 265 3 168 3 
265 168 3 265 168 
168 3 3 168 168 
168 3 168 265 3 
3 3 3 265 265 
3 168 3 3 168 
265 3 3 265 265 
265 265 3 3 265 
3 265 3 168 168 
168 3 265 3 168 
168 3 168 3 3 
168 265 3 265 3 
168 168 265 3 3 
3 265 265 3 265 
265 3 3 168 265 
265 3 3 168 168 
265 265 3 168 168 
168 3 265 3 265 
125 125 125 125 125 
3 3 168 265 168 
265 3 168 265 3 
265 265 168 3 3 
265 168 168 3 3 
168 3 265 168 3 
3 3 265 265 168 
3 168 168 265 3 
265 3 265 265 3 
168 265 3 3 265 
168 168 3 3 265 
3 3 265 168 265 
3 265 168 168 3 
265 3 265 168 3 
175 175 175 175 175 
168 265 3 3 168 
168 168 3 3 168 
3 168 3 168 3 
265 3 168 168 3 
265 168 265 3 3 
168 3 3 265 265 
168 3 3 168 3 
3 3 168 168 168 
265 168 3 3 265 
168 265 3 168 3 
168 265 168 3 3 
3 197 192 192 6 
3 168 3 3 265 
168 3 265 265 3 
168 168 168 3 3 
3 3 168 3 265 
3 3 168 168 3 
3 265 3 3 265 
265 3 3 265 3 
265 3 3 265 168 
265 3 265 3 265 
168 3 3 3 168 
3 3 265 265 3 
3 3 168 3 168 
3 265 265 3 3 
3 168 168 3 3 
265 168 3 3 3 
168 168 3 3 3 
3 265 168 3 265 
3 168 168 3 265 
265 265 3 3 3 
168 3 3 3 265 
3 3 3 265 168 
3 265 3 265 168 
3 265 3 168 3 
265 3 3 3 3 
3 3 3 3 265 
3 265 265 3 168 
3 265 168 3 3 
3 3 265 3 265 
265 3 3 168 3 
265 3 168 3 3 
3 3 265 168 3 
3 3 168 3 3 
3 197 192 192 192 
197 192 192 6 33 
197 192 192 192 6 
192 192 192 6 33 
168 3 3 265 3 
3 3 3 168 3 
3 3 3 168 168 
3 3 265 3 3 
3 3 265 3 168 
168 265 3 3 3 
3 265 3 3 168 
3 168 3 3 3 
3 3 3 168 265 
265 3 3 3 168 
168 3 3 3 3 
142 142 142 142 142 
3 3 3 3 168 
168 3 265 3 3 
3 3 3 265 3 
265 102 168 168 168 
168 168 102 168 168 
102 265 168 168 168 
168 265 102 265 168 
168 168 146 168 168 
168 102 265 168 168 
168 265 168 168 102 
168 168 168 265 102 
168 168 168 168 102 
168 146 168 168 168 
168 102 168 168 168 
146 168 168 168 168 
265 168 168 102 168 
168 168 168 146 168 
168 168 168 102 168 
142 3 3 142 3 
102 168 168 168 168 
91 258 311 240 240 
6 3 6 174 174 
6 192 192 243 125 
6 174 174 174 174 
57 175 54 175 6 
54 175 6 3 6 
5 197 192 6 33 
45 33 192 33 5 
33 5 197 192 6 
33 192 33 5 197 
311 240 240 174 174 
3 6 174 174 174 
3 3 142 3 3 
265 102 265 168 168 
258 311 240 240 174 
243 125 125 125 125 
240 240 174 174 175 
240 174 174 175 191 
197 192 6 33 5 
197 192 192 6 192 
192 6 192 192 243 
192 33 5 197 192 
192 243 125 125 125 
192 192 6 192 192 
192 192 243 125 125 
175 6 3 6 174 
175 54 175 6 3 
175 174 174 174 57 
174 57 175 54 175 
174 174 57 175 54 
174 174 175 191 122 
174 174 174 57 175 
174 174 174 174 11 
174 174 174 11 45 
174 174 11 45 33 
174 11 45 33 192 
168 265 168 168 146 
168 265 102 168 265 
168 265 102 168 168 
168 168 265 102 168 
168 168 168 265 146 
168 168 168 102 265 
168 168 102 265 168 
125 91 258 311 240 
125 125 91 258 311 
125 125 125 91 258 
125 125 125 125 91 
11 45 33 192 33 
3 6 91 5 197 
265 168 265 265 102 
265 168 168 168 102 
265 102 168 265 168 
191 122 268 45 45 
175 191 122 268 45 
174 175 191 122 268 
168 265 265 102 265 
168 102 168 265 168 
122 268 45 45 5 
102 265 265 168 168 
102 265 168 168 265 
6 91 5 197 192 
3 142 3 3 142 
265 168 168 146 168 
265 168 102 168 265 
265 102 168 168 265 
168 265 265 102 168 
168 265 168 146 168 
168 168 265 146 168 
168 168 168 168 146 
168 168 102 168 265 
168 146 168 265 168 
146 168 3 168 168 
102 265 168 265 168 
102 168 168 265 168 
91 5 197 192 192 
6 54 54 54 54 
54 54 54 54 174 
54 54 54 174 174 
54 54 174 174 174 
54 174 174 174 174 
5 197 192 3 3 
5 197 192 192 6 
45 5 197 192 3 
45 45 5 197 192 
3 3 6 91 5 
3 168 168 168 146 
3 168 168 146 168 
3 146 168 168 168 
268 45 45 5 197 
265 265 168 168 102 
265 168 265 168 102 
265 168 146 168 168 
265 102 265 265 168 
197 192 3 3 6 
197 192 192 6 54 
192 6 54 54 54 
192 3 3 6 91 
192 192 6 54 54 
168 3 168 146 168 
168 265 168 102 168 
168 168 168 146 3 
168 168 146 168 265 
168 146 168 3 168 
168 146 168 168 146 
168 102 265 265 168 
168 102 168 168 265 
146 168 168 168 3 
146 168 168 168 265 
142 3 142 142 3 
142 142 3 3 3 
102 168 265 168 265 
5 5 5 5 5 
3 142 142 3 142 
3 142 142 142 3 
265 265 265 265 102 
168 265 3 146 168 
168 168 146 168 3 
146 168 265 168 168 
146 168 168 3 168 
146 168 168 168 146 
142 3 142 3 142 
91 3 5 3 5 
5 3 5 5 3 
3 5 3 5 5 
3 5 3 5 3 
3 3 168 146 3 
3 168 146 168 168 
3 146 168 168 3 
265 265 265 168 102 
265 265 168 102 168 
265 168 168 168 146 
265 168 146 3 168 
168 3 3 146 168 
168 265 146 168 3 
168 168 3 146 168 
168 168 265 146 3 
168 168 146 3 168 
168 168 146 168 146 
168 146 3 265 168 
168 146 168 3 265 
168 146 168 168 265 
168 146 168 146 3 
168 146 168 146 168 
168 102 265 168 265 
146 3 3 3 3 
146 3 3 168 168 
146 168 265 168 265 
146 168 265 168 146 
146 168 168 146 168 
142 142 3 3 142 
142 142 142 142 3 
168 168 168 168 168 
168 168 168 265 168 
168 265 168 168 168 
168 168 168 168 265 
265 168 168 168 168 
168 168 265 168 168 
3 3 3 3 3 
265 168 265 168 168 
168 265 168 265 168 
168 168 265 168 265 
265 265 168 168 168 
265 168 168 168 265 
3 168 168 168 168 
168 168 168 265 265 
168 265 168 168 265 
168 168 168 168 3 
265 168 168 265 168 
168 265 265 168 168 
168 3 168 168 168 
168 168 265 265 168 
168 168 3 168 168 
168 168 168 3 168 
265 168 265 168 265 
168 265 168 265 265 
265 265 168 265 168 
168 168 265 265 265 
265 265 265 168 168 
168 265 265 168 265 
168 168 168 265 3 
265 168 265 265 168 
168 265 265 265 168 
168 265 168 3 168 
265 168 168 265 265 
168 3 168 265 168 
168 265 3 168 168 
168 168 265 3 168 
168 168 3 168 265 
168 3 168 168 265 
265 168 168 3 168 
3 168 265 168 168 
265 265 168 168 265 
168 168 265 168 3 
168 3 168 3 168 
168 168 3 265 168 
265 168 3 168 168 
168 265 265 265 265 
3 265 168 168 168 
168 3 265 168 168 
3 168 168 265 168 
3 3 168 168 168 
168 168 168 3 3 
3 168 3 168 168 
3 168 168 3 168 
265 265 265 265 168 
265 265 265 168 265 
168 3 3 168 168 
168 265 3 265 168 
168 3 168 168 3 
168 168 265 3 265 
3 265 168 265 168 
265 168 265 265 265 
168 168 3 3 168 
168 168 3 168 3 
3 168 265 168 265 
3 168 168 168 3 
3 265 168 168 265 
168 3 265 168 265 
168 265 168 265 3 
265 265 168 265 265 
168 168 168 102 168 
3 168 168 265 265 
265 168 265 3 265 
265 168 265 168 3 
265 168 168 3 265 
265 168 265 3 168 
168 3 265 265 168 
265 3 3 168 168 
265 3 265 168 168 
168 265 3 168 265 
265 265 3 168 168 
168 168 3 265 265 
265 168 3 168 265 
265 168 168 265 3 
3 3 168 265 168 
174 174 174 174 174 
265 3 168 168 265 
265 168 3 265 168 
168 265 3 3 168 
168 168 265 265 3 
3 168 168 265 3 
265 3 265 168 265 
265 265 168 168 3 
3 168 265 265 168 
168 3 168 265 3 
168 265 265 168 3 
265 265 168 3 168 
265 3 168 265 168 
265 265 265 265 265 
3 265 265 168 168 
265 265 168 265 3 
265 168 3 168 3 
168 3 265 3 168 
168 3 168 265 265 
168 265 168 3 265 
3 265 168 168 3 
3 168 3 168 265 
168 168 168 168 102 
3 3 265 168 168 
168 168 265 3 3 
3 265 168 265 3 
3 168 3 168 3 
265 3 168 265 265 
168 3 265 168 3 
168 265 3 168 3 
168 168 102 168 168 
168 102 168 168 168 
3 265 265 168 265 
3 168 3 265 168 
102 168 168 168 168 
3 265 3 168 168 
265 265 265 3 168 
168 3 3 265 168 
3 3 168 168 265 
168 168 3 3 265 
3 3 168 168 3 
3 168 168 3 265 
265 3 168 168 3 
265 168 168 3 3 
168 265 3 265 3 
3 265 265 265 168 
3 265 168 3 168 
168 265 168 3 3 
3 168 3 3 168 
168 3 265 265 265 
265 265 3 265 168 
265 168 265 265 3 
168 3 168 3 3 
168 3 168 3 265 
3 3 168 3 168 
265 3 265 168 3 
265 265 168 3 265 
265 168 3 265 265 
168 3 3 3 168 
168 168 3 3 3 
265 265 3 168 265 
265 168 265 3 3 
3 3 3 168 168 
3 265 3 265 168 
3 265 168 265 265 
265 265 3 168 3 
265 265 265 168 3 
168 3 3 265 265 
168 3 3 168 3 
3 3 265 168 265 
3 265 265 168 3 
3 265 168 3 265 
265 265 3 3 168 
168 265 3 3 265 
3 168 168 3 3 
168 265 265 3 265 
265 3 265 3 265 
3 168 265 3 265 
265 3 3 168 265 
3 3 3 3 265 
3 168 3 265 265 
3 265 265 3 265 
265 3 3 3 3 
265 3 3 265 168 
265 3 265 3 168 
265 3 3 168 3 
265 3 265 265 265 
265 265 168 3 3 
265 265 265 3 265 
168 265 265 3 3 
3 265 3 3 168 
3 265 265 3 168 
3 265 265 265 265 
3 265 168 3 3 
265 265 3 265 265 
168 3 265 3 265 
168 3 265 265 3 
168 146 168 168 168 
3 3 265 265 168 
3 265 3 168 265 
265 168 3 3 265 
168 168 168 146 168 
3 3 3 168 3 
3 3 265 265 265 
3 3 168 3 265 
265 3 168 3 3 
265 3 168 265 3 
265 265 3 265 3 
168 3 3 3 3 
3 3 3 265 3 
3 3 265 3 265 
265 168 3 265 3 
168 168 168 168 146 
168 168 146 168 168 
146 168 168 168 168 
6 33 5 3 197 
5 3 197 192 192 
33 5 3 197 192 
3 3 3 3 168 
3 3 265 265 3 
3 265 3 168 3 
3 168 3 3 3 
192 6 33 5 3 
3 3 3 168 265 
3 168 3 3 265 
265 3 265 265 3 
168 168 146 168 265 
142 142 142 142 142 
3 3 3 265 168 
3 3 265 3 3 
168 265 3 3 3 
168 265 168 168 146 
168 265 168 146 168 
168 146 168 265 168 
5 5 5 5 5 
265 3 3 265 3 
265 265 3 3 3 
192 192 6 33 5 
168 3 265 3 3 
3 3 168 3 3 
265 3 3 3 168 
265 168 3 3 3 
265 168 168 146 168 
3 3 3 265 265 
3 265 265 3 3 
265 3 3 265 265 
265 168 146 168 168 
168 3 3 265 3 
168 168 265 146 168 
3 3 265 3 168 
265 102 168 168 168 
168 3 3 3 265 
168 168 168 265 146 
125 125 125 125 125 
3 3 265 168 3 
3 265 3 3 265 
5 3 5 5 3 
3 5 5 3 5 
3 168 146 168 168 
265 265 3 3 265 
168 265 102 168 168 
146 168 265 168 168 
146 168 168 168 265 
5 5 5 3 5 
3 5 3 5 5 
3 3 142 3 3 
3 197 192 192 6 
3 142 3 3 142 
168 146 168 168 146 
168 168 146 3 168 
168 168 146 168 3 
168 102 168 168 265 
5 5 5 5 3 
3 168 168 168 146 
3 168 168 146 168 
265 168 168 168 102 
168 168 168 102 265 
168 168 102 265 168 
168 146 3 168 168 
168 146 168 168 265 
168 102 168 265 168 
102 265 168 168 168 
3 197 192 192 192 
197 192 192 6 33 
197 192 192 192 6 
192 192 192 6 33 
168 3 168 146 168 
168 265 168 102 168 
168 168 102 168 265 
168 102 265 168 168 
5 5 3 5 3 
265 168 168 102 168 
168 265 168 168 102 
168 168 265 146 3 
168 168 168 146 3 
146 168 168 146 168 
142 3 142 3 142 
102 168 168 265 168 
3 142 142 142 3 
168 168 265 102 168 
168 168 146 168 146 
168 146 168 3 3 
146 168 3 168 168 
146 168 265 168 265 
3 142 142 3 142 
265 168 265 168 146 
265 168 102 168 265 
168 146 3 168 265 
168 146 168 3 168 
168 146 168 146 168 
146 168 168 3 168 
142 3 3 142 3 
142 142 142 142 3 
5 5 5 91 5 
5 197 192 3 3 
3 5 3 5 3 
3 168 146 3 3 
265 265 265 265 102 
265 265 168 168 102 
265 168 146 265 168 
265 168 146 168 265 
168 168 168 265 102 
146 265 265 168 168 
146 168 168 168 146 
142 142 3 3 142 
102 168 265 168 265 
91 5 5 5 5 
3 6 91 5 197 
3 3 6 91 5 
3 146 168 168 168 
265 265 168 102 168 
265 168 168 168 146 
265 168 146 3 168 
265 102 168 265 168 
265 102 168 168 265 
197 192 3 3 6 
192 3 3 6 91 
168 265 265 102 168 
168 265 146 168 3 
168 102 265 265 168 
168 102 265 168 265 
146 168 168 168 3 
91 258 311 240 240 
6 91 5 197 192 
6 3 6 174 174 
6 192 192 243 125 
6 174 174 174 174 
57 175 54 175 6 
54 175 6 3 6 
5 5 6 5 5 
5 197 192 6 33 
45 5 197 192 3 
45 45 5 197 192 
45 33 192 33 5 
33 5 197 192 6 
33 192 33 5 197 
311 240 240 174 174 
3 6 174 174 174 
3 3 168 146 3 
3 3 168 146 168 
3 265 168 168 146 
268 45 45 5 197 
265 102 265 168 168 
258 311 240 240 174 
243 125 125 125 125 
240 240 174 174 175 
240 174 174 175 191 
197 192 6 33 5 
197 192 192 6 192 
192 6 192 192 243 
192 33 5 197 192 
192 243 125 125 125 
192 192 6 192 192 
192 192 243 125 125 
191 122 268 45 45 
175 6 3 6 174 
175 54 175 6 3 
175 191 122 268 45 
175 174 174 174 57 
174 57 175 54 175 
174 175 191 122 268 
174 174 57 175 54 
174 174 175 191 122 
174 174 174 57 175 
174 174 174 174 11 
174 174 174 11 45 
174 174 11 45 33 
174 11 45 33 192 
168 265 3 146 168 
168 265 102 265 168 
168 168 3 146 168 
168 146 3 265 168 
168 146 168 3 265 
168 146 168 146 3 
146 3 168 265 168 
146 3 168 146 168 
146 168 3 3 168 
146 168 265 168 146 
142 3 142 142 3 
142 142 3 3 3 
125 91 258 311 240 
125 125 91 258 311 
125 125 125 91 258 
125 125 125 125 91 
122 268 45 45 5 
11 45 33 192 33 
102 265 265 168 265 
102 265 265 168 168 
102 265 168 265 168 
91 5 197 192 192 
91 3 5 3 5 
5 5 3 3 3 
3 168 168 265 146 
265 3 146 265 168 
265 265 265 168 102 
265 168 265 168 102 
265 102 265 265 168 
168 3 3 146 168 
168 168 168 78 168 
168 146 265 168 265 
146 265 168 265 168 
3 3 3 3 3 
174 174 174 174 174 
33 5 3 197 192 
192 6 33 5 3 
6 33 5 3 197 
5 3 197 192 192 
192 192 6 33 5 
125 125 125 125 125 
3 197 192 192 6 
197 192 192 6 33 
5 197 192 3 3 
3 197 192 192 192 
197 192 192 192 6 
197 192 3 3 6 
192 3 3 6 91 
175 175 175 175 175 
3 6 91 5 197 
6 91 5 197 192 
265 265 265 265 265 
192 192 192 6 33 
5 197 192 6 33 
197 192 6 33 5 
168 146 168 3 3 
5 5 5 5 5 
33 5 197 192 6 
33 192 33 5 197 
192 33 5 197 192 
11 45 33 192 33 
45 33 192 33 5 
3 3 168 146 168 
192 243 125 125 125 
168 3 3 3 168 
3 3 6 91 5 
125 125 125 125 91 
243 125 125 125 125 
265 168 3 3 265 
3 265 168 3 3 
168 3 3 3 3 
311 240 240 174 174 
258 311 240 240 174 
240 240 174 174 175 
240 174 174 175 191 
174 174 175 191 122 
91 258 311 240 240 
125 91 258 311 240 
125 125 91 258 311 
125 125 125 91 258 
192 192 243 125 125 
168 168 168 168 168 
265 3 265 168 3 
192 6 192 192 243 
6 192 192 243 125 
192 192 6 192 192 
45 45 5 197 192 
3 3 265 168 265 
168 3 3 265 168 
3 3 168 3 3 
3 265 168 3 265 
5 197 192 192 6 
3 265 3 265 168 
168 146 168 146 168 
3 3 265 3 265 
45 5 197 192 3 
265 168 3 265 168 
3 168 3 3 168 
3 3 3 3 168 
168 3 3 3 265 
168 168 3 3 168 
3 265 168 168 146 
3 3 3 168 3 
3 3 265 168 3 
3 168 3 3 3 
3 3 3 265 3 
3 3 3 265 168 
168 168 102 168 168 
3 3 3 3 265 
168 3 3 265 3 
146 168 3 3 168 
265 168 265 168 265 
174 11 45 33 192 
174 174 174 11 45 
268 45 45 5 197 
174 174 11 45 33 
168 265 102 265 168 
168 3 3 265 265 
6 174 174 174 174 
3 3 265 3 3 
175 191 122 268 45 
174 175 191 122 268 
122 268 45 45 5 
3 168 168 3 3 
191 122 268 45 45 
168 3 3 168 168 
3 265 3 3 265 
265 3 265 168 168 
197 192 192 6 192 
168 146 168 168 168 
3 168 3 168 3 
174 174 174 174 11 
168 3 265 168 265 
3 3 168 146 3 
265 265 265 168 265 
3 168 146 168 168 
168 3 168 3 3 
265 3 3 265 168 
265 265 265 265 168 
168 168 168 168 102 
3 3 168 168 3 
3 265 265 3 265 
265 265 3 265 168 
168 168 168 3 3 
3 3 265 265 3 
168 3 3 168 3 
168 146 168 3 168 
265 265 168 265 168 
168 146 3 265 168 
146 168 168 168 168 
91 5 197 192 192 
5 5 3 3 3 
168 168 146 168 146 
102 168 168 168 168 
3 6 174 174 174 
265 168 265 265 168 
168 3 168 3 168 
168 168 168 168 3 
168 168 146 168 168 
168 168 168 146 168 
102 265 168 265 168 
91 5 5 5 5 
3 168 168 168 168 
265 168 168 146 168 
168 3 168 168 168 
168 168 146 168 3 
168 146 168 168 146 
146 168 168 146 168 
6 3 6 174 174 
57 175 54 175 6 
54 175 6 3 6 
3 265 168 265 168 
175 6 3 6 174 
175 54 175 6 3 
175 174 174 174 57 
174 57 175 54 175 
174 174 57 175 54 
174 174 174 57 175 
168 168 168 168 146 
168 168 168 102 168 
3 3 3 168 168 
3 168 168 168 3 
265 3 265 168 265 
168 168 3 3 3 
168 168 168 3 168 
3 3 168 168 168 
168 265 3 265 168 
142 3 142 3 142 
3 3 168 3 168 
3 168 146 3 3 
168 3 265 168 3 
168 3 265 168 168 
5 5 5 5 3 
3 168 3 168 168 
168 3 168 168 3 
168 265 168 265 168 
168 168 3 168 3 
168 146 3 168 168 
265 168 265 168 168 
168 265 168 265 265 
168 168 3 168 168 
168 102 168 168 168 
265 168 265 3 265 
265 168 265 168 146 
3 3 265 168 168 
265 265 168 265 265 
265 168 3 265 265 
168 3 168 146 168 
265 168 265 265 265 
168 146 168 146 3 
5 5 6 5 5 
265 265 168 3 265 
265 265 168 3 168 
168 3 3 146 168 
168 265 265 168 265 
3 3 265 265 168 
3 265 168 265 3 
3 265 168 168 265 
3 168 168 3 168 
168 265 265 265 168 
3 265 265 168 265 
146 168 3 168 168 
3 168 168 146 168 
265 265 168 168 265 
265 168 168 168 265 
168 3 265 265 168 
146 168 168 168 3 
3 265 265 265 265 
168 265 265 168 168 
168 265 168 168 265 
54 174 174 174 174 
3 265 265 168 3 
146 3 168 146 168 
168 168 265 168 265 
168 146 3 168 265 
5 5 5 3 5 
197 192 192 6 54 
192 6 54 54 54 
192 192 6 54 54 
168 265 102 168 168 
168 168 3 146 168 
168 168 146 3 168 
6 54 54 54 54 
54 54 54 54 174 
54 54 54 174 174 
54 54 174 174 174 
3 265 3 168 265 
3 265 168 168 3 
3 146 168 168 168 
265 265 265 168 168 
265 168 265 168 3 
265 168 168 265 168 
146 168 168 168 146 
91 5 5 5 91 
5 5 5 91 5 
5 5 3 5 3 
3 3 168 168 265 
265 265 168 265 3 
265 168 3 168 265 
265 168 265 3 3 
265 168 265 3 168 
168 265 168 168 146 
168 265 168 146 168 
168 168 168 146 3 
146 168 168 3 168 
3 5 3 5 3 
3 3 265 265 265 
3 265 3 3 168 
3 265 168 3 168 
265 3 3 168 168 
265 3 168 3 3 
265 265 265 168 3 
265 265 168 168 168 
265 168 3 265 3 
168 265 102 168 265 
146 3 3 168 168 
5 3 5 5 3 
3 3 3 168 265 
3 168 3 3 265 
3 168 265 3 265 
3 168 168 168 146 
265 3 3 3 3 
265 3 3 265 3 
265 3 3 265 265 
265 102 265 168 168 
168 3 146 168 146 
168 265 168 3 3 
168 265 168 168 168 
168 168 3 3 265 
168 168 265 168 168 
168 168 146 168 265 
168 146 265 168 265 
168 146 168 168 265 
3 5 3 5 5 
3 3 265 3 168 
3 265 265 3 3 
3 265 265 3 168 
3 265 168 168 168 
265 3 3 168 265 
265 168 168 265 3 
168 3 265 265 3 
168 3 265 265 265 
168 265 3 168 3 
168 265 168 3 265 
168 265 168 265 3 
168 168 265 3 265 
168 168 265 265 168 
168 168 265 102 168 
168 168 168 265 265 
168 168 168 265 168 
102 265 265 168 265 
102 265 168 168 265 
102 265 168 168 168 
3 265 265 265 168 
3 265 168 265 265 
3 168 265 168 168 
3 168 168 265 265 
3 168 168 265 168 
265 3 168 265 168 
265 265 3 3 168 
265 265 3 265 265 
265 265 3 168 265 
265 168 168 3 3 
265 168 168 168 146 
265 168 146 168 265 
265 102 168 168 265 
168 3 265 3 168 
168 3 168 168 265 
168 265 3 265 3 
168 265 3 168 265 
168 265 265 265 265 
168 265 168 168 102 
168 168 265 265 265 
168 168 265 168 3 
168 168 168 265 102 
168 168 168 168 265 
168 146 168 265 168 
168 102 265 168 168 
168 102 168 168 265 
102 168 265 168 265 
102 168 168 265 168 
3 5 5 3 5 
3 3 168 3 265 
3 3 168 265 168 
3 168 3 265 265 
3 168 265 168 265 
265 3 3 168 3 
265 3 265 3 168 
265 3 265 265 3 
265 265 3 168 168 
265 265 265 3 168 
265 265 168 3 3 
265 168 3 168 3 
265 168 265 265 102 
265 168 265 168 102 
265 168 168 3 265 
265 168 168 168 102 
265 168 146 3 168 
265 168 146 168 168 
265 168 102 168 265 
265 102 265 265 168 
