175 4 3 
197 192 192 
301 301 6 
38 10 38 
45 174 45 
102 78 78 
7 91 3 
195 195 197 
104 102 168 
19 168 168 
197 6 125 
195 192 3 
43 3 265 
146 142 175 
175 195 3 
162 54 122 
192 180 180 
221 168 146 
3 6 78 
38 118 6 
3 6 13 
197 6 91 
104 91 168 
7 119 3 
33 3 5 
91 102 168 
195 195 220 
42 3 3 
6 96 97 
3 7 175 
5 91 3 
265 19 265 
192 6 5 
140 78 102 
33 4 6 
5 125 33 
265 168 3 
196 196 6 
6 6 142 
240 3 78 
142 4 6 
142 4 4 
6 6 125 
64 195 195 
4 4 45 
6 91 85 
196 195 5 
174 175 54 
6 78 102 
3 6 33 
175 175 4 
45 6 195 
54 45 45 
96 97 11 
221 6 45 
120 174 7 
6 3 125 
5 197 192 
3 180 180 
168 3 3 
5 175 195 
3 142 4 
120 114 6 
13 33 195 
140 195 125 
13 78 13 
33 45 33 
199 197 3 
5 195 6 
54 140 221 
102 168 3 
142 142 3 
102 102 27 
4 168 4 
168 43 3 
45 54 140 
102 102 85 
162 6 3 
6 91 120 
265 146 265 
195 195 6 
196 85 196 
102 91 45 
6 54 175 
78 4 240 
221 42 54 
140 140 140 
4 102 4 
13 102 6 
221 168 4 
6 6 42 
6 102 6 
199 201 13 
78 265 311 
221 220 6 
91 6 268 
140 4 4 
6 3 6 
102 6 102 
175 175 221 
3 197 4 
91 4 5 
195 196 240 
78 4 42 
201 200 202 
309 3 309 
6 114 195 
5 33 175 
192 91 5 
195 125 3 
265 5 4 
168 168 340 
45 66 20 
102 6 265 
4 4 308 
125 125 78 
3 140 45 
41 60 97 
4 13 13 
5 6 192 
195 78 175 
4 78 240 
3 6 114 
168 3 146 
114 162 162 
168 168 162 
3 125 125 
6 195 3 
142 104 142 
45 42 120 
309 309 3 
54 3 54 
4 5 3 
4 240 78 
174 175 6 
141 195 195 
120 3 195 
5 6 168 
33 33 197 
196 91 5 
78 78 13 
104 265 175 
192 3 140 
300 220 301 
195 6 91 
102 85 196 
125 125 122 
125 91 155 
174 6 63 
309 102 85 
168 91 163 
240 78 180 
221 220 195 
4 118 6 
5 63 63 
331 120 6 
240 5 197 
85 195 10 
197 6 5 
5 3 45 
172 172 172 
3 91 33 
54 3 142 
125 192 5 
114 195 5 
311 240 240 
3 45 45 
142 146 3 
5 120 120 
78 78 5 
78 265 265 
265 4 240 
192 5 3 
91 199 5 
340 3 265 
6 3 142 
221 221 175 
102 102 78 
331 265 265 
13 102 91 
331 4 331 
4 195 4 
120 114 5 
114 120 4 
5 91 5 
3 43 168 
146 265 146 
192 91 6 
3 175 175 
78 140 125 
160 159 192 
221 221 195 
192 3 33 
125 78 78 
195 85 102 
301 295 301 
309 102 309 
221 174 174 
196 195 85 
91 3 6 
114 4 120 
91 6 39 
5 192 195 
146 175 265 
5 54 3 
265 195 168 
140 78 195 
91 45 174 
175 4 175 
6 5 63 
240 240 240 
195 196 85 
4 102 6 
91 91 45 
192 6 289 
78 102 168 
221 140 4 
78 242 240 
195 197 3 
4 265 3 
42 120 3 
4 5 4 
142 4 221 
4 265 168 
146 104 265 
5 5 240 
54 140 45 
78 196 196 
6 6 45 
146 119 142 
102 102 122 
4 3 4 
3 3 63 
5 4 220 
6 91 3 
85 195 309 
78 240 196 
5 3 195 
6 4 240 
54 54 54 
4 4 7 
78 168 4 
85 78 78 
78 146 102 
221 6 221 
146 168 4 
5 4 5 
11 3 3 
13 5 5 
168 240 4 
63 175 195 
265 265 3 
45 175 120 
174 27 221 
3 168 19 
45 33 33 
33 13 13 
221 168 240 
196 3 19 
301 301 301 
6 7 142 
33 33 140 
142 104 265 
54 54 309 
174 27 174 
195 168 265 
5 85 195 
265 104 175 
11 11 33 
5 45 3 
202 200 195 
192 192 33 
174 57 175 
220 195 220 
3 3 122 
4 194 118 
192 125 91 
3 3 4 
6 197 197 
195 42 42 
265 240 265 
122 4 4 
175 3 104 
174 195 3 
114 3 6 
6 265 168 
5 78 78 
5 221 197 
175 174 7 
175 7 119 
221 197 160 
4 197 140 
175 54 54 
120 3 6 
91 122 4 
78 192 240 
3 6 45 
3 221 5 
5 5 141 
122 155 157 
3 175 4 
160 159 120 
3 54 3 
6 4 331 
125 125 91 
120 114 195 
175 120 175 
125 180 180 
91 11 45 
102 5 102 
265 168 43 
91 3 140 
78 104 13 
102 27 5 
174 5 5 
140 3 4 
168 102 13 
3 265 195 
221 221 255 
146 175 175 
45 195 3 
168 168 78 
308 308 308 
180 78 240 
4 5 221 
196 195 40 
175 162 195 
6 196 195 
192 192 3 
195 45 195 
221 220 221 
175 140 120 
45 3 6 
78 265 196 
192 3 6 
174 174 221 
265 19 4 
265 168 265 
192 4 4 
146 265 175 
45 6 91 
300 301 301 
168 221 168 
175 5 5 
168 4 3 
196 91 6 
265 175 146 
309 27 309 
220 6 4 
45 45 66 
168 168 43 
175 175 174 
175 174 174 
5 221 141 
63 120 5 
104 265 146 
41 54 212 
174 3 45 
3 104 146 
174 5 197 
45 45 4 
122 4 78 
265 4 331 
102 102 146 
4 4 5 
265 240 13 
197 5 195 
33 195 6 
195 85 195 
6 91 340 
240 42 120 
78 4 33 
221 63 221 
220 221 221 
3 6 142 
3 33 192 
191 122 174 
175 175 201 
7 3 42 
197 192 197 
102 102 221 
125 5 3 
192 6 78 
3 5 4 
6 6 240 
3 104 104 
309 27 85 
45 175 5 
102 6 195 
140 3 3 
122 331 120 
195 195 140 
142 142 4 
118 6 10 
33 6 5 
195 78 146 
91 3 5 
4 33 3 
45 45 174 
114 114 114 
221 3 45 
85 10 102 
3 265 240 
168 168 4 
195 195 20 
168 146 265 
13 4 265 
221 27 174 
195 195 175 
125 240 240 
4 91 6 
33 197 221 
3 45 33 
146 3 146 
265 240 168 
91 5 3 
265 5 3 
4 122 122 
265 175 3 
265 340 265 
175 42 120 
13 33 13 
221 63 4 
102 4 4 
5 5 125 
220 196 196 
5 4 118 
221 4 63 
42 221 221 
140 197 91 
42 120 6 
45 195 175 
3 197 45 
3 33 33 
91 4 11 
102 78 240 
104 45 78 
140 120 6 
158 158 331 
6 3 3 
175 5 45 
221 102 102 
78 168 78 
78 102 6 
33 192 6 
13 13 196 
265 221 221 
240 240 220 
5 125 125 
141 33 195 
54 197 3 
118 6 192 
180 180 91 
146 104 104 
220 45 6 
5 221 10 
175 6 6 
3 168 6 
5 45 221 
220 220 197 
168 4 102 
120 6 114 
102 168 104 
4 6 168 
102 91 6 
54 5 5 
10 10 91 
6 268 5 
4 6 6 
5 221 220 
78 142 142 
91 6 206 
201 202 168 
5 33 195 
195 309 102 
54 195 3 
265 146 3 
7 195 195 
221 221 102 
221 63 63 
174 33 102 
196 196 265 
340 265 168 
45 33 5 
40 195 195 
168 168 13 
180 180 192 
6 54 5 
78 175 175 
6 5 45 
174 54 197 
5 6 197 
3 195 195 
5 140 27 
54 309 309 
42 175 3 
54 240 54 
125 125 146 
45 45 45 
45 13 5 
168 146 45 
168 13 102 
19 196 19 
196 196 220 
3 6 5 
199 200 33 
33 33 192 
175 175 5 
197 221 6 
3 3 163 
5 125 3 
195 175 120 
7 7 119 
54 142 142 
114 63 120 
201 199 3 
197 140 140 
102 174 174 
6 38 4 
221 221 11 
3 221 140 
168 102 45 
195 54 140 
202 199 200 
7 7 102 
195 78 78 
159 192 125 
4 4 240 
27 309 5 
197 6 3 
122 168 168 
197 220 195 
5 196 196 
265 3 142 
195 5 175 
175 142 146 
6 6 66 
104 168 102 
140 4 269 
91 13 196 
6 6 221 
180 180 125 
54 265 146 
45 5 192 
309 3 54 
120 195 120 
240 4 240 
3 221 197 
54 221 221 
175 195 175 
175 174 3 
265 33 5 
221 33 197 
175 175 91 
125 3 3 
265 311 78 
6 265 102 
195 3 91 
4 6 91 
308 308 3 
240 331 265 
102 102 42 
27 221 140 
122 45 45 
63 6 27 
199 122 33 
11 45 5 
192 91 4 
195 199 199 
196 78 196 
91 6 197 
175 7 7 
268 5 197 
168 122 168 
45 45 13 
104 175 175 
197 6 13 
6 4 120 
175 42 7 
78 120 240 
91 33 195 
240 6 6 
142 4 142 
265 142 265 
265 142 142 
78 240 78 
33 5 5 
54 54 6 
102 85 102 
228 94 6 
5 197 196 
340 340 340 
221 118 6 
5 140 140 
6 5 5 
6 6 12 
240 265 102 
265 43 43 
91 38 5 
4 220 220 
125 91 268 
175 13 45 
192 6 91 
45 64 78 
4 265 265 
140 221 221 
13 13 78 
5 195 220 
45 120 7 
3 43 43 
265 265 146 
6 45 6 
5 3 125 
146 142 119 
45 175 221 
221 265 221 
43 3 43 
221 221 120 
102 6 240 
221 195 3 
6 6 174 
91 4 45 
6 78 265 
78 78 6 
142 78 78 
196 10 5 
4 195 5 
142 78 13 
240 219 91 
265 265 265 
175 175 146 
91 174 33 
199 5 140 
91 20 174 
3 120 120 
114 63 5 
197 192 195 
13 78 142 
102 4 78 
4 140 13 
91 85 5 
78 146 142 
102 3 265 
221 221 240 
195 5 192 
102 27 309 
54 195 196 
197 6 195 
78 42 160 
13 13 13 
102 102 6 
221 102 4 
195 197 197 
122 174 45 
309 27 10 
221 6 6 
265 265 13 
311 78 78 
195 220 220 
85 102 309 
5 197 195 
6 45 91 
13 142 3 
5 5 91 
6 125 45 
142 142 119 
3 265 43 
125 91 78 
197 195 6 
220 4 4 
240 240 265 
196 5 3 
240 240 3 
195 5 3 
6 142 146 
3 174 174 
3 3 140 
140 3 125 
4 3 5 
114 114 162 
252 252 252 
4 4 6 
3 102 102 
192 91 195 
78 78 120 
3 120 175 
91 195 3 
195 6 197 
4 220 5 
45 192 192 
240 13 4 
6 7 6 
78 78 146 
4 45 45 
3 122 5 
240 6 10 
43 43 43 
240 240 13 
114 114 195 
195 195 91 
102 78 4 
240 78 4 
125 45 3 
221 63 120 
102 3 7 
4 4 4 
102 3 3 
7 120 3 
33 197 33 
174 142 142 
180 240 240 
195 201 195 
192 6 197 
195 3 33 
78 168 146 
142 142 102 
6 42 42 
3 120 114 
125 125 54 
6 10 196 
3 340 168 
43 168 43 
6 91 197 
10 91 4 
195 5 196 
168 33 168 
45 3 45 
5 141 195 
196 5 195 
91 155 157 
3 240 102 
7 3 6 
195 196 5 
174 120 3 
13 4 240 
5 3 4 
4 168 42 
159 78 5 
197 3 3 
196 33 3 
175 45 175 
196 78 5 
120 5 120 
102 168 265 
102 102 33 
102 168 240 
265 102 3 
340 168 3 
78 33 33 
7 6 6 
120 6 42 
195 91 6 
102 142 142 
196 240 240 
78 221 221 
5 5 221 
142 6 102 
6 125 33 
13 33 33 
192 197 197 
3 43 3 
5 33 6 
142 175 104 
195 168 54 
197 221 78 
4 4 221 
196 195 6 
196 102 221 
6 91 10 
33 192 3 
3 3 197 
6 13 5 
240 13 78 
125 91 195 
54 54 5 
197 140 45 
146 78 78 
197 85 85 
125 3 195 
142 13 78 
4 19 19 
195 33 192 
91 102 102 
78 78 219 
195 140 195 
192 6 33 
240 5 221 
168 146 146 
6 33 125 
192 5 91 
191 122 268 
6 4 5 
140 4 148 
265 3 3 
91 168 146 
195 201 5 
265 3 265 
140 4 221 
265 78 3 
141 141 33 
7 174 3 
3 7 6 
143 3 195 
13 102 168 
85 265 102 
114 4 3 
220 5 3 
3 168 43 
174 175 174 
102 146 78 
45 45 5 
240 4 13 
168 168 42 
192 78 78 
4 268 268 
221 66 6 
191 192 6 
142 3 78 
91 197 6 
6 6 331 
3 309 3 
159 45 45 
78 265 168 
4 168 265 
168 4 240 
221 4 168 
168 3 240 
33 197 140 
125 240 78 
6 265 78 
142 174 3 
265 265 33 
45 175 175 
140 195 6 
119 265 142 
97 12 174 
5 45 6 
5 5 33 
221 6 195 
91 13 13 
265 119 142 
221 63 195 
91 3 4 
114 120 114 
54 122 4 
168 78 78 
11 45 221 
4 4 174 
13 168 102 
114 114 63 
265 265 256 
114 42 120 
265 3 201 
5 3 3 
118 6 38 
102 27 102 
309 54 54 
78 240 5 
195 3 6 
195 3 175 
265 43 195 
33 195 3 
6 7 42 
125 5 197 
3 196 3 
45 64 183 
142 142 174 
174 3 6 
174 5 221 
308 7 308 
45 5 45 
13 265 13 
33 33 78 
4 175 5 
142 4 3 
3 3 45 
7 119 174 
220 220 4 
33 33 199 
240 168 168 
125 268 5 
5 4 120 
42 221 4 
104 265 142 
265 3 78 
3 240 4 
197 140 197 
220 301 301 
197 3 5 
3 3 91 
78 5 207 
7 3 102 
125 54 45 
174 174 120 
41 6 6 
5 6 45 
195 3 78 
221 197 174 
91 197 197 
78 195 140 
255 256 265 
195 10 195 
174 174 57 
120 140 3 
6 7 7 
195 195 196 
6 6 63 
91 174 6 
6 125 5 
54 140 3 
102 27 10 
78 4 91 
168 43 265 
207 94 6 
162 162 114 
142 175 3 
6 78 4 
125 3 5 
195 195 201 
33 3 3 
219 91 311 
42 120 7 
6 195 220 
4 6 3 
221 195 5 
6 91 199 
174 6 175 
197 78 265 
265 195 340 
60 5 197 
192 140 197 
3 78 78 
195 192 195 
4 5 197 
4 175 54 
5 192 91 
78 240 265 
104 142 146 
6 265 4 
33 78 33 
3 168 54 
265 265 331 
38 5 38 
331 4 265 
195 33 13 
125 3 91 
3 91 45 
33 5 3 
197 192 4 
45 175 45 
63 221 221 
120 7 209 
220 197 5 
192 197 192 
6 7 4 
4 168 168 
120 114 4 
160 159 159 
119 146 3 
174 7 175 
196 78 78 
240 240 219 
195 4 220 
45 141 141 
4 4 197 
3 6 175 
240 168 3 
63 63 221 
78 78 91 
45 199 201 
142 78 146 
192 6 54 
168 168 54 
168 3 195 
4 6 4 
102 5 27 
240 240 118 
142 175 119 
6 195 42 
265 168 4 
5 197 78 
174 3 5 
5 54 54 
174 174 13 
85 5 197 
45 140 195 
221 168 102 
91 33 6 
146 3 104 
78 192 125 
146 265 104 
174 174 45 
192 91 168 
192 192 243 
78 45 45 
78 78 180 
240 240 180 
3 5 45 
45 3 7 
125 91 5 
45 192 5 
192 6 6 
140 5 140 
13 265 240 
265 140 3 
240 4 265 
3 4 78 
4 174 6 
6 13 78 
180 192 91 
195 5 33 
240 240 168 
78 142 13 
6 5 41 
265 102 255 
221 175 174 
240 311 240 
265 265 168 
142 6 78 
5 5 220 
3 146 175 
196 6 91 
146 146 142 
240 240 196 
102 85 265 
4 192 91 
197 192 125 
240 265 168 
168 7 168 
140 3 54 
301 221 301 
6 3 13 
78 195 78 
195 78 195 
163 168 168 
4 195 78 
201 102 174 
265 256 265 
192 125 192 
120 175 120 
5 192 3 
7 142 3 
5 221 5 
242 78 240 
3 102 6 
78 195 4 
220 220 301 
3 140 195 
141 6 141 
27 27 5 
240 197 78 
6 54 54 
5 195 197 
195 162 162 
175 7 3 
38 197 6 
54 195 199 
78 240 219 
102 3 240 
140 27 174 
45 33 192 
192 195 5 
78 78 3 
265 3 146 
197 5 192 
175 142 142 
265 3 255 
91 195 5 
125 33 33 
140 4 265 
6 3 91 
63 4 63 
78 140 140 
114 114 120 
221 221 174 
102 6 33 
91 6 13 
33 196 196 
195 240 240 
7 174 174 
6 6 168 
192 5 5 
104 3 142 
91 102 221 
265 102 168 
6 3 168 
7 240 5 
125 125 168 
143 4 4 
221 221 201 
6 4 4 
192 243 125 
63 120 63 
125 195 5 
168 33 4 
195 195 85 
195 168 4 
6 6 5 
197 192 174 
6 91 140 
195 91 195 
195 120 114 
6 33 6 
201 202 201 
5 174 102 
197 197 5 
3 5 54 
168 54 102 
3 168 340 
221 140 197 
6 5 195 
63 6 11 
221 195 221 
195 85 85 
4 5 195 
3 3 175 
265 142 146 
54 146 265 
120 3 3 
78 3 168 
3 104 265 
5 5 102 
6 54 140 
195 5 78 
6 91 174 
142 142 54 
195 42 120 
146 104 3 
78 5 221 
78 196 195 
5 195 206 
175 5 3 
197 197 197 
240 140 78 
140 78 3 
195 197 5 
220 6 63 
168 168 192 
6 33 197 
63 63 5 
4 240 13 
221 45 45 
91 240 240 
192 33 192 
240 13 13 
265 265 140 
301 220 301 
45 3 175 
175 175 42 
146 3 175 
265 265 142 
102 5 10 
265 3 104 
6 125 3 
175 3 3 
4 91 91 
192 6 42 
168 168 122 
54 54 3 
142 142 195 
91 195 196 
122 33 5 
5 45 5 
45 3 5 
195 5 45 
175 175 142 
45 45 6 
140 5 54 
265 78 5 
3 91 197 
197 220 5 
102 4 3 
78 146 146 
192 5 197 
168 3 45 
91 195 45 
5 220 5 
5 195 5 
4 6 195 
3 4 33 
4 240 5 
42 168 168 
5 6 91 
240 3 4 
102 168 45 
91 3 104 
6 91 54 
43 195 340 
104 104 3 
3 4 142 
91 91 174 
33 3 125 
4 221 27 
27 174 6 
240 311 78 
3 192 140 
102 265 102 
240 140 3 
6 221 174 
3 6 195 
3 91 3 
27 174 13 
4 240 168 
175 3 146 
5 102 102 
3 199 199 
4 78 4 
195 221 5 
91 168 168 
220 6 220 
265 102 142 
6 142 142 
54 309 3 
119 142 265 
125 125 240 
102 122 33 
3 120 7 
5 140 195 
1 1 1 
5 5 309 
45 140 140 
175 195 45 
195 196 102 
142 3 119 
265 43 265 
168 265 265 
78 78 265 
78 78 142 
168 7 3 
197 91 91 
6 174 174 
104 3 175 
197 78 5 
4 174 3 
5 195 33 
240 180 240 
265 13 195 
3 5 192 
7 175 3 
5 42 6 
5 33 125 
197 5 5 
168 102 91 
5 196 5 
4 13 240 
3 122 168 
13 240 78 
174 3 195 
174 6 5 
27 5 309 
78 219 311 
5 142 4 
120 114 120 
12 195 6 
91 4 3 
5 192 6 
175 174 6 
78 219 174 
118 6 5 
3 33 196 
195 175 3 
146 45 168 
195 196 10 
5 4 13 
195 3 192 
195 85 196 
195 78 3 
102 195 5 
7 209 211 
168 78 240 
125 125 6 
63 3 3 
5 5 174 
140 197 63 
340 168 265 
3 197 5 
43 265 265 
3 255 255 
6 195 195 
4 91 192 
5 102 309 
6 5 141 
197 221 197 
6 5 91 
5 41 41 
13 142 4 
320 231 228 
197 33 33 
63 120 114 
4 7 308 
180 6 91 
5 5 195 
6 197 220 
192 78 192 
229 195 226 
195 102 27 
240 219 240 
309 54 309 
6 175 195 
168 43 43 
91 5 192 
78 102 78 
195 33 3 
3 3 199 
114 120 221 
192 3 5 
175 265 265 
125 192 6 
122 122 331 
33 3 4 
195 195 174 
120 42 120 
221 174 11 
3 168 78 
4 11 45 
240 4 4 
240 195 240 
91 6 199 
192 6 3 
174 174 5 
195 33 196 
45 102 102 
93 19 221 
4 120 174 
265 78 265 
168 168 265 
5 140 78 
175 45 5 
6 195 196 
174 175 195 
3 3 240 
102 309 195 
33 33 33 
195 78 102 
197 4 220 
4 120 114 
201 45 45 
175 5 54 
175 195 195 
3 6 174 
221 42 120 
102 142 146 
220 220 5 
168 195 265 
4 3 7 
197 192 78 
3 240 5 
4 4 194 
91 6 54 
3 195 33 
197 3 197 
195 142 142 
3 119 142 
91 192 6 
221 175 175 
27 6 199 
220 220 196 
102 7 3 
5 221 93 
7 3 195 
10 10 10 
6 91 45 
295 301 301 
45 221 221 
265 43 168 
54 175 175 
10 4 6 
219 240 240 
265 168 146 
174 174 195 
5 175 175 
195 33 5 
5 4 197 
6 197 6 
221 221 41 
142 265 175 
142 175 142 
192 3 197 
168 5 6 
118 45 6 
5 4 6 
180 180 240 
265 3 43 
3 4 4 
309 309 85 
155 157 266 
195 40 195 
12 174 174 
175 3 175 
6 265 5 
43 265 168 
54 175 174 
102 78 168 
168 3 340 
146 168 168 
78 5 5 
180 91 91 
175 195 6 
91 6 10 
54 140 197 
54 54 221 
45 221 197 
4 3 6 
19 196 3 
3 168 265 
4 140 195 
4 3 168 
104 3 146 
4 13 102 
142 102 102 
140 140 195 
4 102 102 
78 265 3 
265 78 78 
120 3 120 
192 125 195 
3 6 7 
308 3 4 
13 175 174 
4 221 4 
221 6 63 
120 3 42 
195 140 140 
4 168 102 
91 45 6 
142 6 7 
220 6 197 
41 41 60 
6 5 220 
6 102 309 
4 33 78 
33 265 168 
201 54 195 
3 4 240 
265 265 78 
33 39 5 
19 3 19 
54 85 196 
33 195 196 
142 265 146 
240 78 219 
78 78 140 
142 265 119 
195 27 85 
85 78 196 
78 6 102 
202 201 202 
221 221 221 
265 3 168 
4 140 120 
196 196 4 
6 7 3 
196 10 6 
168 146 5 
301 300 220 
27 5 102 
221 195 120 
6 102 221 
6 13 195 
196 5 91 
78 219 240 
175 5 63 
5 309 5 
102 6 27 
4 6 221 
3 3 114 
206 5 6 
196 78 195 
102 6 3 
5 45 45 
265 240 78 
168 168 3 
265 4 4 
3 195 6 
3 6 91 
5 221 221 
168 192 168 
140 3 5 
5 63 6 
45 4 6 
91 6 201 
195 192 6 
6 3 120 
240 265 240 
3 197 192 
200 201 202 
125 180 125 
13 85 195 
102 102 102 
3 175 195 
3 3 54 
6 6 11 
102 120 102 
142 6 6 
5 221 4 
78 78 102 
143 3 3 
5 120 6 
13 168 13 
195 196 195 
142 78 142 
3 168 240 
168 265 43 
102 102 265 
4 7 3 
196 4 78 
91 45 195 
120 4 4 
125 45 195 
102 78 142 
140 63 6 
195 85 78 
142 3 104 
91 195 4 
85 196 5 
6 45 3 
174 120 6 
78 78 4 
175 221 221 
195 3 45 
125 91 102 
91 5 45 
195 196 40 
120 7 175 
6 102 102 
78 13 4 
3 7 120 
13 102 102 
6 78 5 
85 85 174 
168 102 3 
1 1 252 
13 5 197 
220 5 197 
142 142 6 
195 5 195 
5 195 3 
221 195 195 
104 3 104 
265 142 119 
142 195 142 
157 266 160 
265 102 102 
192 91 3 
27 5 10 
265 5 5 
6 91 240 
3 38 78 
309 309 5 
3 192 125 
33 33 125 
146 146 146 
240 240 192 
197 195 195 
102 140 78 
5 195 175 
140 140 120 
197 5 6 
3 104 3 
141 195 5 
122 33 195 
4 265 240 
3 175 54 
256 265 102 
221 301 301 
102 168 4 
13 199 5 
146 102 142 
5 192 33 
5 192 5 
265 168 33 
142 102 195 
269 196 6 
265 265 43 
265 13 78 
142 3 221 
91 196 91 
142 104 104 
195 197 6 
19 19 3 
195 33 45 
140 3 140 
219 219 219 
94 6 6 
220 5 5 
91 3 33 
5 91 196 
39 196 5 
6 168 168 
6 196 5 
240 6 13 
3 43 265 
146 265 168 
119 6 175 
265 146 104 
3 5 195 
102 309 102 
195 91 5 
4 195 195 
33 125 5 
45 4 45 
174 175 4 
120 168 240 
6 331 4 
78 78 197 
3 4 120 
255 265 256 
10 27 102 
221 221 140 
175 3 6 
7 175 5 
78 3 5 
78 6 195 
195 45 175 
221 4 195 
102 3 5 
265 5 6 
102 255 255 
119 265 265 
265 102 6 
4 311 240 
265 3 4 
4 4 33 
3 4 140 
196 102 27 
54 3 175 
6 120 6 
240 219 311 
33 199 195 
195 3 195 
175 146 3 
5 192 192 
175 146 265 
3 197 3 
5 197 4 
140 6 140 
265 265 19 
33 33 4 
195 220 6 
221 142 3 
5 27 102 
102 142 265 
221 5 221 
125 125 180 
174 42 42 
3 7 91 
240 240 4 
240 240 102 
175 63 175 
175 78 142 
175 7 54 
196 195 195 
3 33 6 
85 196 196 
13 5 221 
7 120 6 
195 78 140 
168 168 196 
168 340 168 
3 114 42 
220 5 6 
146 142 102 
6 7 174 
118 6 91 
78 33 195 
175 175 45 
104 142 3 
4 91 45 
45 3 140 
120 7 6 
78 45 195 
168 5 5 
146 168 5 
162 114 162 
63 221 6 
240 118 38 
3 4 3 
168 119 168 
13 175 54 
180 192 180 
42 168 3 
6 265 265 
265 265 102 
140 3 240 
42 160 159 
5 141 141 
199 102 102 
301 6 301 
54 3 309 
6 221 197 
199 195 5 
175 265 142 
4 102 168 
220 220 6 
4 175 174 
4 140 4 
125 91 258 
33 4 4 
174 175 175 
265 142 3 
33 197 192 
5 5 168 
54 6 5 
33 33 3 
4 91 78 
197 220 4 
6 85 195 
142 142 78 
78 6 78 
33 5 192 
3 6 201 
6 3 192 
33 195 78 
192 5 125 
4 63 6 
5 6 6 
266 160 159 
175 3 142 
197 91 195 
102 142 78 
220 220 220 
102 27 85 
140 6 91 
78 5 196 
11 33 192 
140 197 3 
221 175 5 
102 5 6 
119 142 142 
168 78 3 
175 174 175 
192 140 5 
45 195 5 
5 197 33 
6 54 197 
195 42 6 
6 13 85 
33 5 197 
6 192 3 
102 91 91 
175 265 3 
120 57 175 
78 78 45 
6 12 195 
168 168 19 
45 192 45 
6 91 11 
3 3 196 
5 13 5 
120 175 6 
192 195 195 
120 175 175 
33 6 192 
33 91 33 
5 4 4 
6 102 4 
168 168 119 
175 6 11 
196 85 195 
255 265 6 
142 119 142 
195 4 4 
265 4 265 
4 125 125 
142 3 6 
3 33 4 
202 5 197 
91 78 180 
265 142 104 
197 192 3 
3 45 3 
221 221 199 
309 102 5 
3 6 125 
78 146 78 
125 91 45 
6 91 91 
43 265 3 
202 175 13 
45 199 102 
6 3 195 
4 265 221 
4 221 118 
38 4 78 
104 3 192 
60 197 192 
240 78 78 
42 168 102 
199 202 200 
4 3 120 
221 3 195 
142 265 3 
240 78 168 
125 5 5 
265 331 4 
192 192 6 
4 78 13 
91 4 6 
4 78 78 
142 3 175 
33 196 3 
85 195 102 
91 6 78 
65 174 191 
192 192 125 
309 54 3 
42 3 6 
122 5 5 
45 91 5 
119 3 142 
5 33 33 
33 192 192 
168 195 340 
43 3 168 
142 195 78 
102 196 102 
3 146 168 
240 174 174 
265 265 5 
104 3 265 
221 3 4 
102 240 240 
196 91 91 
195 120 120 
240 102 102 
85 102 102 
85 78 5 
63 63 63 
4 6 33 
174 175 191 
146 146 3 
180 240 180 
102 265 142 
140 4 140 
78 5 33 
197 221 4 
5 4 3 
140 197 192 
122 91 3 
265 265 240 
3 240 265 
5 195 91 
10 221 221 
6 6 195 
54 45 192 
146 3 265 
104 104 265 
3 78 168 
197 45 6 
3 265 104 
168 4 6 
3 3 104 
309 85 85 
13 13 195 
6 6 197 
3 4 174 
175 5 33 
125 192 125 
4 4 122 
6 168 102 
4 142 4 
13 78 240 
3 196 19 
3 195 220 
196 19 19 
119 175 175 
195 220 195 
3 175 5 
91 91 5 
3 5 102 
309 309 309 
199 199 199 
6 4 63 
168 78 102 
5 221 6 
175 5 195 
221 3 221 
45 168 168 
4 33 33 
197 140 3 
78 168 5 
78 240 240 
63 5 63 
195 195 54 
192 192 197 
265 265 309 
201 13 102 
192 168 102 
196 102 85 
168 146 4 
142 175 146 
195 195 13 
175 307 175 
125 240 91 
102 240 168 
195 120 175 
221 220 220 
3 3 10 
102 309 309 
240 180 180 
255 255 5 
163 146 163 
240 78 240 
120 6 221 
125 91 3 
200 33 175 
146 146 265 
221 3 3 
3 168 3 
168 331 4 
192 192 45 
140 120 175 
6 7 120 
125 6 6 
168 42 168 
6 7 195 
91 78 4 
85 85 196 
240 240 195 
3 3 221 
174 4 6 
7 3 7 
6 4 78 
162 195 13 
102 197 221 
5 54 6 
6 6 196 
175 54 3 
141 195 141 
118 6 118 
240 3 240 
221 78 5 
102 102 91 
45 45 192 
174 175 45 
195 3 5 
3 91 140 
78 140 78 
104 13 5 
85 40 195 
5 195 196 
3 4 7 
120 6 142 
192 33 5 
3 175 120 
118 118 6 
201 13 5 
6 197 3 
54 54 174 
3 142 104 
168 78 265 
3 13 102 
3 320 231 
6 125 140 
54 265 265 
142 102 13 
3 308 3 
175 175 104 
6 3 140 
45 5 197 
146 3 142 
3 146 265 
78 13 5 
114 120 120 
168 102 331 
78 180 180 
175 175 6 
6 4 168 
142 142 104 
146 3 168 
192 6 174 
5 5 197 
195 6 5 
7 175 120 
220 4 220 
91 195 91 
219 175 174 
221 221 197 
120 6 7 
4 265 78 
4 3 320 
3 3 3 
10 196 91 
119 168 168 
4 13 4 
117 117 168 
192 192 78 
5 240 5 
140 3 195 
6 45 45 
195 196 78 
6 195 91 
91 195 197 
174 191 45 
3 78 140 
120 7 120 
240 3 265 
3 3 174 
142 175 175 
6 33 33 
195 174 174 
3 6 221 
3 195 91 
192 102 102 
240 168 146 
5 197 199 
33 33 6 
3 102 7 
78 240 13 
195 146 78 
168 168 195 
4 33 195 
118 6 220 
197 4 6 
33 196 195 
125 146 168 
195 120 195 
54 195 5 
168 45 45 
45 4 91 
102 6 6 
3 33 265 
78 265 13 
199 200 201 
174 13 33 
4 33 5 
13 195 4 
7 175 195 
102 78 146 
220 5 4 
220 221 301 
102 5 13 
102 309 85 
140 54 140 
78 91 6 
78 13 265 
4 195 3 
6 120 7 
45 5 5 
114 120 6 
4 6 13 
45 3 195 
192 4 3 
78 140 240 
197 192 140 
85 196 195 
197 197 6 
219 311 78 
3 221 6 
255 255 265 
4 331 265 
102 146 142 
114 120 195 
6 6 6 
63 6 120 
4 140 140 
120 3 175 
289 11 45 
142 3 142 
142 78 3 
5 220 4 
292 292 3 
78 195 195 
45 45 33 
221 11 11 
195 199 54 
5 221 195 
195 102 102 
195 197 192 
6 175 174 
6 221 6 
78 4 265 
38 78 175 
27 102 5 
168 4 42 
221 240 221 
197 192 45 
91 192 195 
221 102 168 
196 19 3 
5 197 5 
78 125 192 
309 265 102 
33 33 5 
42 175 175 
221 102 142 
3 197 6 
140 78 78 
45 5 221 
91 91 91 
240 240 5 
195 6 175 
197 197 3 
196 3 196 
146 102 146 
5 13 102 
85 195 195 
6 195 140 
6 42 120 
140 140 42 
192 33 3 
54 175 54 
13 30 4 
3 175 45 
4 221 240 
6 195 201 
140 197 140 
195 5 5 
78 78 125 
125 125 33 
3 265 78 
78 142 78 
5 91 192 
66 6 6 
6 125 125 
168 265 42 
5 5 78 
33 6 91 
5 5 45 
3 221 195 
91 174 174 
142 7 120 
6 125 195 
120 120 3 
42 168 4 
102 3 102 
146 265 3 
265 265 4 
3 4 265 
197 5 3 
78 13 13 
5 5 3 
5 309 27 
3 146 104 
91 268 45 
146 265 265 
195 120 3 
45 64 195 
197 3 91 
45 13 195 
4 4 140 
125 91 6 
4 6 63 
5 10 102 
13 13 102 
125 3 125 
3 6 120 
265 102 221 
175 119 142 
4 140 5 
3 142 146 
197 33 197 
196 5 196 
114 195 42 
195 11 45 
78 102 142 
4 6 11 
78 78 78 
142 146 104 
3 265 3 
91 6 91 
3 265 168 
5 5 6 
104 142 265 
240 3 3 
118 6 6 
6 195 192 
265 168 78 
4 142 3 
3 221 33 
6 5 54 
195 10 221 
174 195 195 
5 45 91 
180 125 125 
33 5 140 
309 102 10 
4 4 120 
3 195 5 
11 11 11 
196 5 6 
255 255 256 
102 7 7 
78 265 102 
13 102 142 
6 11 11 
91 5 195 
195 196 33 
3 10 221 
192 140 4 
265 168 168 
265 6 265 
6 78 6 
102 91 102 
240 140 140 
6 195 199 
45 168 102 
102 102 197 
209 211 5 
201 102 102 
195 4 195 
33 78 5 
220 195 5 
140 91 6 
196 196 240 
175 191 122 
3 45 5 
265 104 265 
5 197 221 
174 13 175 
13 102 5 
3 102 265 
195 5 221 
168 102 265 
5 197 91 
265 33 39 
195 195 5 
54 5 6 
91 91 195 
146 78 142 
174 175 120 
5 195 45 
308 3 7 
85 196 102 
3 33 5 
6 3 114 
33 13 33 
6 91 102 
197 91 6 
104 175 265 
5 197 3 
197 3 4 
118 6 78 
78 195 102 
6 221 3 
195 168 168 
194 118 6 
197 4 240 
175 6 175 
220 220 195 
10 102 5 
196 3 6 
102 168 102 
201 202 175 
33 33 13 
4 120 6 
20 33 5 
195 195 192 
195 307 175 
114 162 114 
54 102 102 
195 42 221 
5 3 78 
192 3 4 
140 240 240 
33 140 33 
220 195 195 
3 4 195 
42 120 114 
6 54 195 
265 168 195 
309 102 27 
78 168 265 
5 13 195 
192 195 6 
6 220 220 
196 194 197 
45 192 163 
195 54 195 
265 43 3 
91 3 195 
175 3 120 
168 7 7 
6 42 221 
120 6 174 
174 11 11 
33 78 4 
5 5 13 
195 4 78 
3 78 3 
63 6 4 
5 221 120 
85 195 265 
13 78 78 
174 33 5 
122 54 45 
197 91 5 
142 119 146 
3 63 3 
3 7 3 
125 125 258 
120 114 3 
309 309 102 
168 240 102 
7 7 142 
91 175 5 
5 197 54 
114 114 42 
19 4 265 
195 201 102 
33 33 45 
140 3 78 
168 102 168 
91 229 195 
6 192 125 
3 142 3 
174 45 45 
3 102 240 
4 168 240 
114 11 45 
240 265 140 
3 140 4 
221 221 13 
309 309 54 
195 3 3 
102 195 78 
168 168 331 
6 5 221 
102 102 4 
5 5 175 
3 195 3 
195 4 175 
197 45 3 
174 195 33 
195 195 195 
10 195 5 
142 146 265 
174 175 11 
311 78 240 
168 146 168 
168 265 78 
5 220 220 
33 6 125 
196 195 33 
6 5 6 
175 142 119 
221 221 220 
159 120 168 
3 195 331 
3 125 78 
7 195 33 
54 54 195 
174 221 221 
309 5 309 
125 3 6 
3 5 3 
191 221 63 
6 125 6 
78 78 221 
78 102 13 
10 10 4 
4 269 196 
142 6 142 
197 197 140 
197 3 6 
91 5 91 
197 4 3 
91 5 5 
240 196 240 
54 54 175 
45 6 6 
5 220 3 
5 3 197 
104 3 3 
5 5 5 
163 163 146 
91 38 118 
3 168 4 
195 5 120 
146 78 6 
5 54 5 
221 5 197 
3 6 4 
146 3 3 
78 196 78 
102 5 197 
142 78 175 
3 33 3 
6 33 192 
33 192 33 
3 197 195 
125 78 3 
142 102 6 
221 240 240 
6 6 10 
78 168 168 
175 5 175 
33 175 120 
175 195 42 
4 4 192 
6 3 197 
195 196 196 
6 114 120 
13 142 78 
5 196 78 
196 13 33 
3 6 102 
6 91 5 
6 142 78 
102 3 78 
102 102 3 
3 5 120 
6 91 122 
141 196 195 
265 146 142 
195 5 54 
175 265 175 
142 146 78 
91 195 102 
180 78 180 
78 78 104 
102 240 78 
240 4 168 
265 168 5 
120 175 45 
258 311 240 
174 174 42 
42 174 174 
142 265 102 
5 42 120 
39 5 4 
33 6 6 
42 120 175 
6 27 174 
265 104 104 
174 168 102 
3 6 85 
240 240 78 
265 168 102 
195 195 45 
197 196 194 
78 240 4 
168 3 43 
33 175 175 
33 5 6 
5 3 6 
120 6 6 
6 33 5 
120 102 102 
54 265 168 
197 54 197 
221 195 175 
195 197 195 
6 142 6 
146 168 3 
78 125 78 
197 4 4 
91 192 192 
3 78 102 
78 265 78 
97 11 45 
3 3 33 
125 195 195 
6 168 240 
33 33 195 
102 142 4 
6 5 4 
102 168 6 
141 141 196 
168 168 91 
78 219 6 
4 120 7 
33 3 91 
265 168 292 
168 54 168 
3 3 146 
221 221 3 
265 292 3 
3 114 120 
168 265 146 
91 311 78 
4 33 265 
5 195 192 
219 311 240 
4 4 102 
142 265 265 
3 104 175 
221 4 4 
78 78 33 
3 140 6 
102 27 7 
140 45 3 
3 102 78 
146 102 78 
6 91 201 
102 102 10 
3 5 221 
91 5 4 
175 3 265 
33 125 3 
60 97 12 
175 195 4 
4 308 3 
5 142 3 
78 78 196 
140 3 221 
265 140 4 
265 196 240 
102 168 78 
104 265 3 
6 6 114 
3 120 3 
240 168 54 
255 5 3 
6 192 243 
6 91 195 
196 33 33 
4 240 6 
9 195 10 
192 125 3 
78 3 3 
3 33 195 
6 289 11 
5 195 4 
102 240 102 
146 104 142 
91 197 91 
120 7 174 
7 3 3 
4 140 3 
265 142 175 
33 6 33 
91 192 3 
102 4 240 
63 6 63 
7 120 7 
240 240 242 
142 102 146 
254 42 221 
54 168 265 
252 252 1 
311 78 196 
168 168 240 
3 140 140 
180 78 78 
168 168 221 
141 5 197 
125 174 174 
3 42 42 
3 6 168 
102 6 78 
195 140 78 
125 102 102 
197 197 192 
125 3 78 
57 175 54 
27 102 102 
119 142 3 
33 4 33 
6 6 192 
240 220 220 
102 6 142 
6 7 175 
78 265 240 
102 3 168 
142 91 91 
45 254 42 
54 102 6 
102 6 168 
91 340 340 
240 78 5 
195 265 168 
33 33 196 
192 5 192 
120 120 114 
33 196 33 
78 240 33 
265 5 102 
4 265 331 
13 3 3 
43 168 3 
91 195 195 
5 221 78 
311 78 33 
102 142 6 
196 196 19 
340 265 265 
141 6 195 
114 5 221 
221 240 265 
102 146 146 
6 33 3 
240 54 54 
3 3 120 
265 340 168 
6 54 6 
142 3 146 
174 197 192 
6 3 33 
197 6 192 
4 175 175 
104 142 104 
102 102 240 
4 195 220 
240 242 78 
301 301 221 
6 5 140 
175 146 175 
175 4 142 
6 5 125 
5 175 5 
91 91 192 
27 10 102 
240 265 221 
4 13 195 
331 4 168 
240 221 221 
195 4 146 
192 3 240 
175 5 6 
33 5 27 
33 5 195 
40 195 196 
102 13 78 
3 6 196 
221 5 5 
3 78 195 
175 104 3 
174 175 3 
196 196 78 
13 4 78 
78 5 197 
175 174 142 
33 33 91 
4 3 3 
240 5 3 
6 240 240 
6 195 33 
196 196 40 
120 174 174 
168 42 4 
6 78 78 
309 5 5 
6 6 102 
33 196 5 
104 104 142 
45 65 174 
196 240 78 
140 78 140 
3 331 4 
175 7 175 
120 175 174 
5 221 142 
6 45 195 
292 265 292 
3 91 6 
220 195 4 
91 142 142 
195 33 33 
142 7 142 
6 118 6 
196 78 265 
141 6 5 
125 258 311 
3 240 168 
5 168 168 
102 102 309 
168 168 45 
3 265 119 
175 175 3 
5 168 102 
102 195 85 
265 309 265 
3 142 142 
45 175 42 
102 168 168 
45 45 199 
78 102 146 
140 195 3 
265 13 240 
63 6 6 
3 309 54 
3 6 140 
240 265 4 
168 3 168 
78 195 142 
5 102 5 
102 168 91 
175 195 5 
220 118 6 
91 201 102 
45 141 195 
3 168 7 
196 265 102 
140 140 78 
199 199 5 
5 38 5 
3 45 168 
6 195 6 
20 174 201 
120 3 7 
142 3 265 
102 13 168 
91 10 10 
146 175 3 
78 192 78 
163 3 3 
168 240 3 
45 174 174 
3 102 4 
1 252 252 
4 175 120 
195 195 168 
140 140 197 
195 45 3 
192 3 3 
195 5 91 
221 201 102 
265 78 168 
120 175 7 
196 196 85 
125 195 3 
6 6 201 
174 6 6 
265 104 3 
6 4 102 
221 220 196 
6 114 63 
174 174 122 
5 3 192 
195 33 195 
175 3 45 
3 5 33 
102 42 120 
5 221 45 
6 6 120 
195 102 168 
265 265 175 
13 4 13 
5 221 175 
3 91 91 
125 125 174 
102 309 196 
54 54 240 
102 10 27 
57 175 175 
201 199 202 
195 120 5 
146 78 146 
174 6 91 
195 340 340 
4 4 78 
6 9 195 
45 5 6 
102 265 168 
13 240 4 
13 13 265 
4 4 195 
3 4 175 
140 140 4 
140 195 192 
168 240 168 
104 175 142 
309 10 102 
7 4 7 
3 6 6 
175 175 54 
175 5 221 
240 4 78 
140 140 6 
120 6 3 
54 54 85 
5 5 54 
196 196 33 
221 6 168 
196 40 195 
102 102 5 
7 308 7 
125 125 5 
78 168 3 
7 142 142 
197 192 91 
78 6 142 
19 3 3 
5 102 27 
146 142 265 
197 6 6 
146 142 146 
221 221 42 
240 4 219 
340 3 168 
159 159 78 
168 19 168 
5 168 146 
265 3 175 
91 5 6 
38 6 6 
3 3 13 
3 102 3 
175 11 45 
6 78 168 
221 221 6 
195 6 125 
3 120 4 
85 102 27 
3 125 3 
6 240 4 
6 199 122 
27 7 7 
91 201 195 
195 42 41 
5 6 195 
85 195 5 
3 195 197 
148 140 4 
140 3 197 
192 140 140 
142 146 175 
195 140 3 
142 265 104 
4 142 195 
5 60 197 
140 45 175 
85 85 195 
4 120 120 
54 140 54 
3 3 220 
175 175 120 
120 114 114 
175 45 45 
13 13 240 
3 78 240 
102 13 13 
3 168 102 
54 175 6 
33 5 4 
45 13 33 
125 3 140 
6 192 192 
168 4 4 
3 6 240 
3 174 6 
309 265 265 
192 4 6 
221 175 195 
27 102 27 
240 240 33 
221 102 6 
162 162 195 
3 174 33 
6 195 4 
3 197 54 
45 199 5 
142 13 102 
6 197 5 
114 5 141 
64 183 5 
102 201 202 
200 33 195 
6 91 4 
45 45 254 
66 63 63 
6 102 7 
3 146 142 
196 78 240 
6 11 45 
141 85 85 
15 54 54 
19 168 3 
33 195 195 
78 6 6 
307 175 5 
114 4 4 
265 13 4 
174 122 91 
142 3 3 
78 125 240 
13 265 265 
122 268 45 
114 114 5 
30 4 3 
331 5 3 
5 63 175 
146 6 142 
309 27 102 
13 195 195 
140 221 197 
168 265 168 
54 174 174 
268 45 45 
4 78 168 
102 265 309 
125 91 240 
142 142 7 
195 38 38 
63 6 3 
91 6 195 
120 7 42 
4 78 195 
175 221 175 
4 120 3 
13 102 13 
125 5 6 
102 85 85 
85 102 5 
104 142 175 
240 33 33 
104 265 104 
168 102 78 
221 265 240 
33 5 125 
3 175 265 
10 221 6 
91 192 5 
3 175 3 
120 114 221 
195 91 91 
168 168 102 
4 5 6 
4 6 265 
102 5 3 
142 78 6 
5 91 78 
7 3 4 
200 195 195 
91 195 6 
3 175 142 
3 195 45 
7 175 175 
6 33 195 
78 146 6 
195 340 3 
252 1 1 
3 3 192 
45 45 102 
221 142 4 
78 195 3 
331 265 240 
221 255 255 
33 45 5 
6 195 45 
78 4 13 
195 5 6 
125 5 192 
140 33 33 
120 6 120 
195 33 120 
3 5 6 
7 42 120 
102 6 5 
54 3 45 
175 175 7 
27 85 195 
4 265 13 
91 6 5 
63 175 175 
168 292 292 
114 221 6 
4 221 78 
196 309 102 
175 175 140 
119 168 119 
174 13 195 
5 54 140 
3 54 140 
6 10 5 
12 5 221 
33 125 125 
4 176 3 
5 220 6 
197 63 41 
192 45 78 
6 197 192 
5 91 6 
19 19 196 
195 175 175 
197 6 197 
45 45 120 
3 265 221 
142 3 38 
33 5 221 
5 5 4 
54 3 120 
104 146 265 
6 175 175 
5 3 91 
91 199 102 
199 201 200 
174 6 33 
54 192 4 
78 3 175 
308 3 308 
195 5 4 
54 175 120 
10 38 10 
3 192 142 
3 3 42 
120 78 78 
192 125 33 
125 125 3 
19 196 196 
192 197 140 
3 3 168 
266 102 102 
4 197 5 
175 5 4 
3 4 91 
3 7 240 
3 4 308 
195 3 265 
240 221 265 
43 265 43 
146 45 45 
6 45 5 
3 168 195 
196 102 102 
3 3 142 
3 19 19 
6 27 5 
140 3 6 
91 197 192 
191 45 175 
13 13 33 
125 175 5 
45 45 64 
6 4 6 
195 195 33 
195 6 195 
120 4 120 
5 91 195 
5 3 142 
85 309 102 
195 141 6 
265 102 265 
174 6 199 
196 196 196 
122 4 5 
120 140 4 
221 221 168 
221 102 78 
140 4 197 
7 308 3 
102 5 309 
195 340 168 
43 168 265 
19 19 221 
19 3 196 
3 176 162 
6 6 7 
78 78 192 
41 41 54 
6 38 5 
78 3 265 
197 45 45 
192 125 120 
114 6 120 
175 4 195 
201 195 201 
175 54 140 
63 6 221 
63 195 195 
6 91 196 
6 13 30 
168 3 78 
54 309 54 
10 118 6 
196 5 197 
142 102 265 
292 3 265 
6 91 7 
140 6 33 
125 91 20 
174 174 11 
195 195 78 
3 192 192 
91 6 33 
4 146 168 
6 5 192 
176 162 3 
54 45 3 
175 42 175 
5 4 265 
85 5 102 
142 102 142 
240 240 6 
301 220 220 
256 265 3 
175 6 3 
102 5 5 
6 141 6 
158 331 4 
195 4 125 
192 192 91 
3 4 13 
33 5 141 
196 195 196 
197 221 143 
175 142 104 
5 309 309 
142 146 146 
42 6 3 
146 142 3 
221 140 27 
102 265 3 
104 146 142 
91 3 3 
192 140 91 
45 91 195 
221 199 102 
6 195 78 
140 140 3 
195 196 220 
168 43 168 
265 104 146 
140 5 6 
6 6 91 
3 142 175 
220 4 5 
159 120 140 
7 91 195 
91 5 140 
104 142 142 
6 78 196 
85 85 102 
5 11 45 
195 3 197 
192 6 125 
125 91 174 
5 197 220 
6 175 7 
142 3 196 
140 42 120 
195 5 220 
6 168 146 
102 78 102 
3 3 265 
195 195 120 
221 265 265 
168 54 265 
78 142 102 
102 195 102 
54 6 91 
3 163 3 
221 265 140 
199 102 6 
42 120 57 
3 45 6 
195 11 33 
140 195 195 
4 240 265 
6 114 4 
140 3 219 
125 125 175 
221 120 6 
168 265 4 
6 192 91 
240 168 102 
102 309 5 
91 199 195 
141 45 6 
3 6 192 
221 143 3 
102 265 265 
3 102 168 
3 140 78 
6 66 63 
91 195 33 
168 265 340 
125 125 102 
5 4 195 
163 146 146 
195 195 240 
13 45 5 
43 168 168 
142 119 3 
3 5 91 
3 102 5 
6 45 175 
5 3 140 
141 141 6 
78 78 42 
142 7 3 
5 4 175 
5 140 3 
174 174 6 
174 174 175 
195 140 6 
168 265 195 
114 63 6 
6 168 78 
140 3 45 
43 43 3 
3 195 192 
140 3 192 
45 33 196 
5 309 85 
196 196 91 
125 45 45 
168 240 240 
54 140 195 
41 221 63 
91 45 45 
6 125 91 
120 6 195 
3 6 265 
197 192 5 
3 265 142 
3 6 3 
265 78 13 
118 195 38 
340 168 168 
7 7 3 
45 45 78 
159 159 45 
174 3 78 
175 104 265 
3 142 265 
27 6 102 
45 45 195 
91 6 4 
197 5 220 
102 4 102 
54 195 201 
3 240 240 
6 168 4 
5 5 196 
220 6 195 
91 192 45 
3 3 6 
175 142 3 
256 265 265 
4 240 331 
91 91 4 
5 6 125 
197 140 4 
91 141 6 
265 6 6 
5 220 221 
91 258 311 
3 168 45 
102 174 168 
3 221 27 
102 265 78 
3 265 19 
196 195 3 
38 5 118 
174 174 7 
45 4 4 
162 162 162 
45 140 3 
221 3 6 
78 5 78 
140 6 195 
195 3 168 
120 120 120 
168 6 6 
27 221 3 
63 41 221 
192 45 45 
33 192 197 
242 240 240 
91 6 192 
78 5 4 
104 146 3 
240 3 6 
85 174 174 
197 197 85 
102 142 102 
91 6 142 
120 7 3 
242 78 78 
66 20 33 
226 85 195 
195 91 78 
142 104 175 
45 6 196 
180 180 78 
240 102 240 
5 125 45 
33 192 5 
183 5 221 
168 54 3 
197 192 13 
64 78 45 
192 174 4 
6 10 221 
78 102 221 
4 168 6 
5 309 102 
162 114 114 
5 6 9 
33 195 5 
3 3 7 
3 195 42 
221 63 6 
265 175 175 
4 118 195 
6 78 146 
78 195 5 
5 192 125 
240 6 168 
78 13 78 
6 114 42 
91 91 3 
6 114 3 
192 6 195 
195 54 3 
265 78 240 
45 3 3 
54 54 197 
4 221 221 
3 4 6 
195 192 125 
6 7 91 
140 4 6 
197 192 33 
4 4 142 
4 45 4 
10 309 102 
3 197 33 
168 3 102 
142 104 3 
309 195 196 
180 180 45 
197 301 301 
196 196 5 
240 78 196 
265 168 340 
201 120 114 
7 308 4 
146 142 142 
192 192 192 
195 265 102 
195 13 195 
45 168 146 
221 6 4 
91 6 3 
220 5 195 
6 192 6 
94 6 78 
168 102 221 
6 120 120 
195 5 197 
91 240 5 
125 3 45 
201 202 199 
5 120 63 
33 195 140 
174 45 3 
240 102 168 
3 221 221 
168 6 4 
168 3 265 
78 125 3 
7 142 7 
54 3 3 
168 265 102 
6 120 3 
195 174 197 
78 4 4 
195 175 195 
3 4 42 
6 102 168 
175 195 120 
91 33 33 
194 197 78 
6 221 221 
7 3 168 
141 141 195 
102 102 255 
168 195 168 
192 142 265 
3 91 195 
125 125 125 
201 102 168 
221 102 201 
240 240 140 
3 7 308 
265 13 13 
85 5 309 
192 5 33 
221 41 41 
142 142 142 
114 5 120 
199 5 63 
5 195 195 
140 3 265 
168 13 168 
3 13 199 
45 45 91 
175 142 265 
78 3 195 
174 7 174 
309 102 102 
114 120 3 
78 219 91 
3 146 146 
168 102 192 
6 174 6 
78 3 78 
192 125 78 
13 195 174 
102 102 13 
221 221 33 
168 102 240 
91 91 78 
42 42 120 
91 5 221 
3 195 120 
265 4 6 
196 38 6 
192 45 195 
6 78 195 
78 78 195 
78 142 195 
197 192 6 
4 142 142 
78 78 168 
195 6 3 
265 175 265 
140 6 45 
78 13 240 
102 168 54 
3 192 45 
120 6 102 
192 4 13 
6 91 192 
54 5 54 
192 3 91 
168 5 197 
91 78 78 
174 174 3 
309 5 102 
221 221 265 
6 5 78 
195 201 120 
4 240 4 
6 5 197 
201 195 195 
265 221 265 
6 91 33 
146 6 78 
221 141 141 
6 6 78 
195 175 5 
252 1 252 
119 174 175 
3 192 6 
3 54 54 
33 3 6 
5 5 192 
142 7 7 
309 265 3 
175 120 120 
197 197 195 
197 160 159 
197 195 3 
140 3 175 
168 3 6 
265 168 240 
221 221 4 
195 5 140 
45 45 65 
4 13 78 
265 240 221 
197 5 91 
102 10 309 
5 3 33 
175 91 265 
301 301 295 
180 180 180 
168 78 104 
301 301 300 
195 120 6 
175 5 197 
309 195 5 
125 91 175 
27 85 265 
192 3 7 
175 3 7 
265 19 3 
6 54 3 
91 4 4 
102 102 192 
168 102 5 
265 146 168 
4 175 195 
195 195 125 
104 175 104 
195 195 11 
45 5 3 
174 42 120 
4 197 192 
192 125 125 
6 63 63 
266 265 102 
4 13 265 
102 4 168 
78 195 196 
301 301 220 
268 268 268 
174 195 5 
196 220 195 
45 175 195 
195 240 5 
7 3 120 
311 78 265 
265 19 168 
5 6 33 
142 13 142 
13 13 5 
195 195 42 
114 63 114 
6 140 3 
3 6 42 
168 168 168 
5 5 140 
195 4 63 
102 27 27 
45 45 3 
180 45 180 
54 140 5 
168 168 142 
3 6 197 
6 221 195 
41 41 6 
27 85 102 
221 42 221 
13 142 142 
301 6 220 
85 195 196 
42 4 168 
91 33 5 
231 228 94 
5 3 5 
13 240 13 
221 4 240 
5 6 5 
60 5 60 
5 140 197 
7 6 174 
114 120 5 
195 125 195 
102 221 221 
102 192 168 
102 85 10 
104 174 175 
4 5 220 
240 265 13 
240 13 265 
3 6 11 
78 265 4 
6 196 196 
3 140 3 
211 5 5 
200 202 5 
6 63 6 
91 196 196 
3 146 3 
175 3 4 
192 192 5 
63 6 195 
7 119 6 
221 120 114 
221 221 160 
3 197 140 
174 6 3 
3 221 3 
142 265 142 
40 196 195 
3 265 102 
265 265 221 
3 42 120 
45 180 180 
168 6 168 
221 221 66 
1 252 1 
195 195 4 
195 45 140 
3 4 19 
104 265 265 
4 4 3 
5 197 6 
3 7 7 
5 221 140 
146 168 265 
240 6 78 
168 78 195 
7 78 168 
54 212 15 
168 104 91 
174 201 45 
191 122 45 
3 168 168 
3 5 5 
13 13 4 
104 175 3 
125 125 45 
221 168 168 
6 91 78 
33 4 3 
6 11 33 
114 195 120 
4 168 3 
54 197 192 
6 195 197 
5 207 94 
175 175 195 
3 6 54 
174 174 54 
197 221 195 
6 142 4 
175 175 265 
4 265 6 
195 5 141 
120 63 120 
140 5 3 
175 104 175 
5 6 265 
142 146 142 
192 140 3 
168 265 5 
3 45 195 
195 221 221 
5 197 45 
5 120 114 
3 142 7 
162 3 176 
4 4 331 
33 6 3 
45 45 175 
192 6 192 
175 175 307 
195 125 125 
168 146 3 
122 174 174 
192 168 168 
4 6 5 
125 168 146 
265 104 142 
6 114 114 
45 195 195 
38 38 6 
11 33 5 
4 195 42 
102 13 102 
3 4 5 
118 38 197 
11 11 45 
5 33 5 
6 265 6 
199 213 5 
197 6 4 
196 196 102 
5 118 6 
195 195 3 
162 195 162 
196 5 220 
6 3 5 
91 6 6 
240 195 195 
3 175 104 
6 195 120 
78 102 4 
78 142 6 
140 140 63 
4 102 240 
142 4 174 
78 5 6 
45 54 197 
3 3 102 
196 33 195 
240 240 221 
195 102 309 
197 3 195 
120 120 6 
3 19 196 
309 102 195 
197 174 45 
3 114 114 
4 63 221 
191 122 54 
199 201 33 
6 191 192 
4 4 118 
196 5 140 
102 10 102 
196 40 196 
4 6 174 
63 221 4 
142 78 195 
142 3 4 
142 3 13 
174 122 45 
221 6 240 
142 119 265 
5 33 192 
142 175 265 
220 195 196 
43 43 168 
197 221 221 
102 85 195 
10 5 4 
265 168 54 
265 240 240 
119 265 54 
192 3 195 
3 192 5 
196 196 3 
33 78 78 
19 19 19 
309 5 195 
192 33 6 
220 5 220 
240 78 242 
33 195 201 
6 39 196 
7 308 308 
265 4 168 
196 3 3 
240 265 78 
125 91 91 
6 5 42 
4 3 54 
265 54 146 
331 4 4 
120 6 54 
85 195 85 
4 42 120 
5 6 78 
91 192 91 
6 201 199 
45 45 168 
142 104 146 
3 142 119 
102 33 5 
33 3 45 
3 78 265 
3 3 43 
146 142 78 
195 13 175 
3 265 146 
175 174 13 
13 240 265 
91 168 54 
5 125 5 
196 19 196 
195 42 54 
4 3 175 
240 240 174 
146 146 163 
240 265 265 
309 265 309 
240 6 240 
33 197 3 
3 192 3 
142 142 265 
221 5 3 
174 175 162 
195 265 5 
33 5 45 
4 3 45 
91 195 192 
102 6 91 
176 3 176 
4 13 142 
301 300 301 
6 301 301 
78 168 102 
5 196 195 
197 5 197 
6 175 5 
265 102 309 
192 195 3 
6 114 5 
174 27 6 
6 3 7 
3 196 196 
3 140 191 
78 13 142 
6 125 102 
13 240 240 
240 78 265 
13 4 4 
195 331 120 
146 265 142 
195 3 140 
197 54 192 
120 114 42 
195 175 45 
201 5 221 
4 4 38 
13 78 265 
78 4 78 
102 102 195 
192 6 96 
6 309 102 
11 45 33 
10 102 309 
240 240 197 
91 6 196 
6 6 3 
221 4 142 
102 42 168 
175 175 208 
6 142 7 
146 175 142 
168 102 6 
91 197 195 
3 4 168 
125 192 192 
85 85 85 
3 78 142 
91 3 91 
6 91 168 
6 91 38 
39 12 39 
4 168 221 
85 102 85 
6 5 3 
45 45 54 
175 120 7 
140 191 221 
268 4 268 
175 208 175 
78 4 5 
6 91 229 
5 197 197 
102 5 140 
195 201 202 
201 206 5 
19 265 168 
307 175 175 
122 168 146 
174 102 221 
4 4 168 
10 102 102 
175 146 142 
3 195 140 
13 196 5 
7 175 174 
309 85 102 
5 220 197 
175 120 3 
6 78 142 
3 3 195 
240 13 240 
146 168 146 
240 221 240 
4 240 240 
4 4 91 
6 6 4 
197 195 5 
85 265 10 
192 3 45 
265 54 265 
33 192 125 
168 340 265 
7 7 195 
6 6 175 
192 6 45 
6 6 33 
120 175 42 
311 78 4 
78 140 3 
27 309 102 
78 78 240 
175 104 142 
119 3 6 
195 5 125 
63 6 42 
6 5 33 
192 5 6 
197 192 168 
120 4 3 
6 199 201 
4 220 195 
54 195 195 
191 122 155 
91 91 6 
6 4 3 
4 19 3 
265 4 78 
78 102 102 
265 240 4 
125 125 192 
6 140 140 
3 91 5 
6 120 114 
120 7 7 
221 197 221 
197 195 197 
146 78 102 
265 4 13 
102 309 10 
168 45 168 
265 146 175 
4 5 5 
201 195 5 
120 175 3 
197 221 3 
102 4 6 
54 3 195 
78 33 78 
5 6 220 
4 10 10 
142 142 175 
265 10 102 
6 192 33 
5 6 3 
168 78 168 
4 265 4 
174 4 3 
125 125 268 
7 7 175 
142 142 146 
168 5 3 
4 195 175 
201 5 13 
213 5 63 
221 221 5 
195 6 196 
42 54 140 
4 174 174 
221 168 3 
5 240 240 
4 6 7 
196 265 10 
195 4 5 
3 3 78 
13 265 4 
196 196 195 
6 142 102 
118 221 6 
3 331 120 
3 5 197 
221 45 141 
5 220 195 
45 3 4 
168 102 4 
240 91 6 
265 78 4 
221 221 63 
221 221 142 
240 240 331 
265 175 142 
91 45 5 
140 5 197 
102 6 4 
265 119 265 
3 3 5 
174 54 54 
120 114 11 
168 102 163 
3 104 142 
195 226 85 
78 3 140 
54 3 6 
27 309 309 
102 102 142 
27 174 27 
120 3 114 
168 42 221 
142 146 102 
4 4 265 
45 91 6 
102 102 168 
114 195 195 
13 33 5 
91 201 54 
221 33 33 
142 78 102 
3 168 146 
3 45 64 
221 160 159 
221 78 78 
78 42 42 
212 15 54 
168 168 6 
175 119 265 
331 4 240 
3 13 13 
221 197 4 
45 6 5 
3 54 309 
174 11 45 
3 120 6 
33 3 192 
6 3 4 
146 163 146 
174 3 3 
168 4 168 
6 220 5 
3 3 331 
4 331 4 
4 4 13 
195 78 142 
175 175 175 
19 221 6 
142 102 78 
33 5 33 
91 5 197 
6 102 142 
146 142 104 
168 265 3 
42 42 221 
192 125 5 
6 91 13 
7 7 7 
197 6 174 
3 45 140 
265 146 146 
195 142 78 
45 78 13 
102 221 102 
42 42 160 
6 221 63 
265 3 102 
240 33 196 
5 33 3 
140 6 3 
168 102 102 
140 197 221 
33 195 33 
142 3 195 
33 3 33 
240 196 78 
3 45 175 
265 265 104 
102 102 196 
91 91 197 
175 54 175 
7 195 42 
199 201 5 
220 6 5 
6 91 6 
195 220 5 
221 102 265 
175 175 78 
6 5 118 
240 5 5 
5 91 91 
63 63 6 
3 265 175 
78 195 104 
4 221 168 
6 6 54 
240 168 240 
240 168 42 
6 192 5 
6 142 3 
195 45 45 
4 6 142 
78 102 195 
140 195 5 
6 45 54 
91 140 3 
6 168 265 
221 197 3 
6 168 3 
4 78 265 
221 197 45 
168 168 146 
240 33 195 
340 340 3 
175 201 195 
7 175 7 
78 142 146 
221 197 140 
54 5 197 
102 309 27 
196 196 38 
197 3 45 
240 78 33 
120 114 63 
180 180 6 
197 220 220 
78 265 5 
202 168 102 
5 141 5 
168 196 33 
265 265 340 
265 221 240 
192 3 192 
45 175 3 
43 3 3 
6 3 45 
3 3 19 
78 196 240 
192 91 91 
175 142 175 
91 6 102 
19 3 78 
3 7 174 
19 221 221 
174 174 174 
3 45 4 
221 93 19 
6 220 6 
158 158 158 
43 43 265 
240 78 13 
63 6 5 
33 13 196 
3 265 265 
195 5 102 
3 219 140 
197 199 197 
78 5 3 
168 3 4 
27 102 309 
168 45 192 
221 197 192 
7 119 175 
7 3 175 
91 197 5 
60 102 168 
6 195 5 
220 197 220 
265 142 102 
45 78 5 
221 11 45 
195 6 6 
174 3 42 
255 255 255 
102 168 7 
5 6 174 
13 78 4 
146 146 168 
243 125 125 
168 4 265 
5 27 174 
3 3 180 
3 19 3 
4 42 168 
141 6 33 
120 5 114 
192 13 195 
45 6 3 
180 125 180 
13 5 3 
4 5 54 
